0 0.735244140625 0.405234375 0.13443359375 0.21484375
0 0.884833984375 0.673544921875 0.04783203125 0.06298828125
1 0.45003906250000003 0.241337890625 0.1998828125 0.23431640625
0 0.825634765625 0.7837695312499999 0.03556640625 0.051328125
0 0.853046875 0.7444042968750001 0.057734375 0.06240234375
1 0.319892578125 0.747177734375 0.10404296875 0.10056640625
0 0.527041015625 0.0791015625 0.05814453125 0.034296875
0 0.6013964843749999 0.061357421875 0.04478515625 0.12271484375
0 0.953720703125 0.23551757812500002 0.09255859375 0.15115234375
0 0.872412109375 0.152236328125 0.07005859375 0.09658203125
0 0.875908203125 0.424482421875 0.09943359375 0.13716796875
0 0.570078125 0.429375 0.098046875 0.13578125
0 0.454951171875 0.479765625 0.10994140625 0.16375
0 0.472138671875 0.6652148437500001 0.12876953125 0.1735546875
0 0.6190722656250001 0.661015625 0.15962890625 0.26734375
0 0.736318359375 0.74255859375 0.09447265625 0.1434765625
0 0.48892578125 0.9063085937500001 0.1077734375 0.0748828125
0 0.1073046875 0.8484375000000001 0.06578125 0.1217578125