0 0.140712890625 0.8949804687499999 0.04294921875 0.0557421875
0 0.0977734375 0.89087890625 0.023515625 0.0342578125
0 0.28311523437499997 0.888076171875 0.03833984375 0.04396484375
0 0.14060546875 0.215634765625 0.052265625 0.05447265625
0 0.051035156250000005 0.89365234375 0.0491015625 0.05828125
0 0.833466796875 0.810048828125 0.06001953125 0.06560546875
0 0.196953125 0.8949609374999999 0.057265625 0.0659375
0 0.7572167968750001 0.813017578125 0.06091796875 0.05712890625
0 0.672216796875 0.8681933593750001 0.07755859375 0.06607421875
0 0.570380859375 0.94298828125 0.06392578125 0.0681640625
0 0.581669921875 0.7868359375 0.06177734375 0.0703125
0 0.49765624999999997 0.832548828125 0.041796875 0.05794921875
0 0.92466796875 0.815380859375 0.0558203125 0.05240234375
0 0.23205078125 0.019208984375 0.0765625 0.03841796875
0 0.225654296875 0.1357421875 0.06626953125 0.05375