0 0.24839843749999999 0.19036132812499998 0.03578125 0.03322265625
0 0.776943359375 0.45646484375 0.04533203125 0.04640625
0 0.3169140625 0.14208984375 0.0417578125 0.0348046875
0 0.10751953125 0.53072265625 0.045234375 0.0417578125
0 0.16087890624999998 0.3358203125 0.0429296875 0.0348046875
0 0.5872167968750001 0.04232421875 0.05337890625 0.04640625
0 0.14824218749999998 0.0977734375 0.0417578125 0.0405859375
0 0.0180859375 0.09974609375000001 0.036171875 0.0568359375
0 0.387099609375 0.6223632812500001 0.04291015625 0.039453125
0 0.35694335937500005 0.06548828125 0.03595703125 0.0348828125
0 0.3053125 0.239541015625 0.0348046875 0.03248046875
0 0.6649902343749999 0.490693359375 0.03720703125 0.02900390625
0 0.35519531249999997 0.7128515625 0.0510546875 0.0348046875
0 0.452646484375 0.506943359375 0.03017578125 0.02435546875
0 0.40392578125 0.331767578125 0.04640625 0.04060546875
0 0.470625 0.27724609375000003 0.0498828125 0.0498828125
0 0.5663281250000001 0.624697265625 0.042890625 0.03263671875
0 0.5206445312500001 0.76037109375 0.02796875 0.0363671875
0 0.5175390625 0.868056640625 0.03890625 0.02541015625
0 0.21275390624999999 0.725634765625 0.0344921875 0.02564453125
0 0.38767578125 0.18849609374999998 0.03015625 0.0348046875
0 0.2513671875 0.427470703125 0.0359765625 0.03712890625
0 0.175380859375 0.47677734375 0.03248046875 0.03828125
0 0.768193359375 0.07886718749999999 0.03017578125 0.0266796875
0 0.9391601562499999 0.756396484375 0.0505859375 0.03564453125
0 0.903203125 0.7392773437500001 0.0312890625 0.0423828125