0 0.023623046875 0.10676757812500001 0.04724609375 0.05400390625
0 0.056884765625 0.219169921875 0.09939453125 0.23130859375
0 0.1602734375 0.43298828125 0.087734375 0.1509375
0 0.2228515625 0.6253417968749999 0.080390625 0.14048828125
0 0.44308593749999997 0.929970703125 0.1062109375 0.11291015625
0 0.54591796875 0.8321484375 0.1485546875 0.335703125
0 0.7633886718749999 0.535546875 0.18341796875 0.2480859375
0 0.27357421875 0.329345703125 0.094375 0.16857421875
0 0.2073046875 0.0530859375 0.07421875 0.106171875
0 0.42412109375 0.032939453125 0.0752734375 0.06587890625
0 0.305166015625 0.15283203125 0.14208984375 0.103828125
0 0.382802734375 0.16055664062500002 0.14291015625 0.14873046875
0 0.847021484375 0.04494140625 0.07443359375 0.0898828125
0 0.360283203125 0.56638671875 0.04970703125 0.0355859375
0 0.48275390625 0.42396484375 0.2216015625 0.1103515625