0 0.115283203125 0.919462890625 0.06787109375 0.06255859375
0 0.21865234374999998 0.841005859375 0.0583203125 0.05830078125
0 0.19224609375 0.9816796875 0.066796875 0.036640625
0 0.297744140625 0.922529296875 0.06572265625 0.07103515625
0 0.3512890625 0.8557421875 0.07953125 0.081640625
0 0.356064453125 0.7327636718749999 0.04029296875 0.04134765625
0 0.4455078125 0.76025390625 0.0484765625 0.0503125
0 0.532939453125 0.7467675781249999 0.06994140625 0.06380859375
0 0.9274609374999999 0.64318359375 0.067734375 0.0648046875
0 0.6439941406249999 0.89755859375 0.05744140625 0.0581640625
0 0.590615234375 0.9409960937499999 0.05669921875 0.05375
0 0.523984375 0.9798828125 0.06625 0.040234375
0 0.8321093749999999 0.8818066406249999 0.0633203125 0.06404296875
0 0.94140625 0.79046875 0.069140625 0.066328125
0 0.956171875 0.894619140625 0.0765625 0.07876953125
0 0.795263671875 0.74802734375 0.08841796875 0.0787890625