0 0.103623046875 0.796748046875 0.08396484375 0.34224609375
0 0.32308593750000003 0.94236328125 0.09796875 0.0815625
0 0.36888671875 0.72416015625 0.0877734375 0.3525390625
0 0.32466796875 0.47053710937500004 0.072890625 0.17744140625
0 0.566171875 0.513603515625 0.111171875 0.08833984375
0 0.5923046875 0.7532617187499999 0.0809765625 0.3453125
0 0.7840625 0.668212890625 0.07296875 0.12810546875
0 0.7744921875 0.540107421875 0.0685546875 0.12662109375
0 0.7641894531250001 0.413095703125 0.06560546875 0.12884765625
0 0.450546875 0.061318359375 0.1259765625 0.12263671875
0 0.565400390625 0.027822265625 0.07001953125 0.05564453125
1 0.206650390625 0.34941406249999996 0.11486328125 0.10453125
1 0.236845703125 0.153935546875 0.11486328125 0.09939453125
1 0.496376953125 0.275048828125 0.11412109375 0.08099609375