0 0.4651171875 0.7395703125 0.034453125 0.035859375
0 0.3803125 0.957685546875 0.037421875 0.04130859375
0 0.30498046875 0.842021484375 0.0826171875 0.07095703125
0 0.07607421875 0.75064453125 0.0427734375 0.0427734375
0 0.032578125 0.68455078125 0.04421875 0.0476171875
0 0.22163085937500002 0.684794921875 0.04326171875 0.04326171875
0 0.36039062499999996 0.560859375 0.0651171875 0.0694921875
0 0.407529296875 0.64154296875 0.06123046875 0.072421875
0 0.31421875 0.481640625 0.046640625 0.028671875
0 0.024189453125 0.32734375 0.04837890625 0.05734375
0 0.96580078125 0.192724609375 0.0683984375 0.10490234375
0 0.88583984375 0.052548828125 0.0915234375 0.10408203125
0 0.16686523437499998 0.20850585937500002 0.04927734375 0.04826171875
0 0.4310546875 0.551962890625 0.0344140625 0.03005859375
0 0.661533203125 0.678310546875 0.02787109375 0.03150390625
0 0.838349609375 0.961201171875 0.04490234375 0.05298828125
0 0.9388867187500001 0.680712890625 0.1222265625 0.27818359375
0 0.8420117187499999 0.499873046875 0.1365625 0.17251953125
0 0.746220703125 0.307802734375 0.12791015625 0.13736328125
0 0.572041015625 0.103896484375 0.17642578125 0.20779296875
0 0.42672851562499997 0.14921875 0.05201171875 0.056875
0 0.06830078125 0.036474609375 0.050546875 0.05978515625
0 0.132939453125 0.158212890625 0.06802734375 0.07677734375