0 0.8390625 0.155517578125 0.2784375 0.24158203125
0 0.618330078125 0.145693359375 0.20072265625 0.16951171875
0 0.23166015625 0.83734375 0.023359375 0.0223828125
0 0.4281640625 0.8695703124999999 0.0739453125 0.0687109375
0 0.793876953125 0.9038574218750001 0.02666015625 0.02138671875
0 0.663203125 0.9828125 0.0493359375 0.034375
0 0.454443359375 0.983759765625 0.05927734375 0.03248046875
0 0.47128906249999997 0.79904296875 0.063515625 0.063984375
0 0.077998046875 0.9127832031249999 0.05806640625 0.06208984375
0 0.16978515624999999 0.920634765625 0.0573828125 0.05458984375
0 0.2526953125 0.707705078125 0.03625 0.03822265625
0 0.01666015625 0.260009765625 0.0333203125 0.07279296875
0 0.129443359375 0.38227539062500004 0.05119140625 0.04548828125
0 0.5040625 0.738037109375 0.0348828125 0.03458984375
0 0.7205468749999999 0.8756640625000001 0.018671875 0.0258203125
0 0.624580078125 0.8948828125 0.02927734375 0.0302734375
0 0.605986328125 0.882685546875 0.03158203125 0.02833984375
0 0.32233398437500005 0.835048828125 0.04474609375 0.03685546875
1 0.1597265625 0.487373046875 0.1205078125 0.11791015625
1 0.236748046875 0.105908203125 0.12736328125 0.10455078125
0 0.63228515625 0.0280078125 0.076171875 0.056015625