0 0.5480859375 0.047900390625 0.0819140625 0.09580078125
0 0.69751953125 0.817880859375 0.2201953125 0.36423828125
0 0.57271484375 0.77689453125 0.216953125 0.3886328125
1 0.775732421875 0.131298828125 0.04291015625 0.06958984375
0 0.264130859375 0.639423828125 0.22158203125 0.38978515625
1 0.74904296875 0.60345703125 0.091640625 0.06265625
1 0.28617187499999996 0.9074023437500001 0.0637890625 0.0487109375
0 0.416689453125 0.70435546875 0.21345703125 0.3782421875
1 0.446953125 0.46261718749999997 0.0730859375 0.069609375
0 0.972392578125 0.634560546875 0.05521484375 0.04833984375
0 0.783388671875 0.021044921875 0.05974609375 0.04208984375
0 0.152724609375 0.910673828125 0.12419921875 0.08392578125