0 0.32552734375 0.431865234375 0.0946484375 0.20626953125
0 0.074375 0.01474609375 0.0534375 0.0294921875
0 0.37667968749999997 0.952548828125 0.129765625 0.08396484375
0 0.42240234374999996 0.35781250000000003 0.126875 0.1283984375
0 0.29194335937500004 0.1522265625 0.21373046875 0.304453125
0 0.646142578125 0.189111328125 0.15572265625 0.20931640625
0 0.9436816406249999 0.076904296875 0.11263671875 0.11923828125
0 0.6766015625 0.038486328125 0.14671875 0.07697265625
0 0.0965234375 0.221181640625 0.0855078125 0.15740234375
0 0.15072265625 0.9789453124999999 0.0687109375 0.042109375
0 0.06370117187499999 0.9728417968749999 0.06259765625 0.05431640625
0 0.85109375 0.307197265625 0.080625 0.20775390625
0 0.461865234375 0.10399414062500001 0.14810546875 0.10076171875