0 0.75931640625 0.22083984375 0.0686328125 0.2271875
0 0.27759765625 0.893896484375 0.0651171875 0.12017578125
0 0.358154296875 0.781513671875 0.17388671875 0.07384765625
0 0.5461328125 0.8211230468749999 0.069140625 0.13830078125
0 0.474970703125 0.7375390625 0.04228515625 0.039609375
0 0.477998046875 0.7895703125 0.06982421875 0.0617578125
1 0.14263671875 0.504111328125 0.2852734375 0.35638671875
0 0.644658203125 0.30837890625 0.03962890625 0.0416796875
0 0.92984375 0.21364257812499998 0.0763671875 0.23501953125
0 0.9651367187500001 0.051494140625 0.0580078125 0.10298828125
0 0.7940234375 0.0548828125 0.069609375 0.109765625
0 0.748544921875 0.843271484375 0.15978515625 0.10607421875