0 0.12435546875 0.9372070312499999 0.1399609375 0.0865234375
0 0.5442285156250001 0.536865234375 0.08099609375 0.13005859375
0 0.900087890625 0.443984375 0.05880859375 0.0854296875
0 0.296142578125 0.077080078125 0.09099609375 0.15416015625
0 0.601396484375 0.111259765625 0.09365234375 0.19712890625
1 0.643564453125 0.6520312500000001 0.11291015625 0.1
0 0.48576171875 0.8991113281249999 0.0675 0.12455078125
0 0.28248046875 0.9691503906250001 0.0916015625 0.06169921875
0 0.273955078125 0.9220214843750001 0.09033203125 0.03919921875
0 0.26501953125 0.8797167968749999 0.08734375 0.04814453125
0 0.260751953125 0.837958984375 0.09162109375 0.03876953125
0 0.25244140625 0.7979101562500001 0.0894921875 0.0455859375
0 0.244560546875 0.7555175781250001 0.09244140625 0.04091796875
0 0.2381640625 0.712578125 0.0962890625 0.050625
0 0.163095703125 0.9767675781249999 0.09693359375 0.04646484375
0 0.13529296875 0.825234375 0.1147265625 0.146015625
0 0.20365234375 0.4633984375 0.06953125 0.104296875
0 0.155234375 0.350654296875 0.0736328125 0.10123046875
0 0.521533203125 0.4191015625 0.08220703125 0.1215625
0 0.9683300781249999 0.751337890625 0.06333984375 0.10529296875
0 0.9863671875000001 0.588994140625 0.027265625 0.05888671875
0 0.8836035156250001 0.541328125 0.04830078125 0.05609375
0 0.9464062499999999 0.8865429687499999 0.046015625 0.0675
0 0.857177734375 0.3365625 0.09806640625 0.10875
0 0.8288964843750001 0.20536132812500002 0.08216796875 0.06193359375
0 0.064404296875 0.14271484375000001 0.02662109375 0.03375
0 0.10838867187500001 0.237744140625 0.07103515625 0.10072265625
0 0.468271484375 0.781923828125 0.07423828125 0.11474609375
0 0.44587890625 0.663193359375 0.07609375 0.12638671875
0 0.34576171875 0.278251953125 0.0766796875 0.12455078125
0 0.363349609375 0.396611328125 0.08037109375 0.11595703125
0 0.379619140625 0.511337890625 0.08099609375 0.12455078125
0 0.49465820312500003 0.303349609375 0.08529296875 0.11841796875