0 0.554443359375 0.09138671875 0.01673828125 0.0266015625
0 0.76041015625 0.203037109375 0.0177734375 0.01267578125
0 0.778193359375 0.128193359375 0.02408203125 0.02412109375
0 0.11470703125000001 0.7563964843750001 0.0278515625 0.02509765625
0 0.7226171875 0.380517578125 0.0348828125 0.01943359375
0 0.76623046875 0.384794921875 0.03390625 0.01482421875
0 0.45959960937500005 0.031376953124999996 0.01654296875 0.01248046875
1 0.7050390625 0.768994140625 0.0671484375 0.06537109375
1 0.9669921874999999 0.7566308593750001 0.0644921875 0.05830078125
1 0.436005859375 0.786220703125 0.06626953125 0.05388671875
0 0.9715039062499999 0.0725 0.0328125 0.0259375
0 0.8793749999999999 0.081376953125 0.0396484375 0.03548828125
0 0.8244335937499999 0.096728515625 0.0498828125 0.01978515625
0 0.7067187500000001 0.1369921875 0.015078125 0.0184375
0 0.81625 0.16837890625 0.03078125 0.0116015625
0 0.765068359375 0.1704296875 0.03349609375 0.0116015625
0 0.70212890625 0.31064453125 0.0211328125 0.0296484375
0 0.796064453125 0.31295898437499997 0.00986328125 0.01673828125
0 0.764248046875 0.31337890625000003 0.03345703125 0.0120703125
0 0.73642578125 0.312275390625 0.0156640625 0.01427734375
0 0.986533203125 0.34272460937500004 0.01990234375 0.03412109375
0 0.47734375 0.8638378906249999 0.01546875 0.02763671875
0 0.5552441406249999 0.7070898437500001 0.01646484375 0.035859375
0 0.5447167968750001 0.651298828125 0.03751953125 0.02369140625
0 0.7300000000000001 0.523779296875 0.035546875 0.02994140625
0 0.6520019531250001 0.521142578125 0.02896484375 0.02466796875
0 0.642900390625 0.352216796875 0.01478515625 0.02001953125
0 0.6425 0.392392578125 0.0162109375 0.02138671875
0 0.627685546875 0.311748046875 0.02876953125 0.02083984375
0 0.5569140625 0.1111328125 0.015625 0.0162109375
0 0.607373046875 0.096181640625 0.02880859375 0.02087890625
0 0.7937500000000001 0.04119140625 0.0280078125 0.0403515625
0 0.91587890625 0.4087890625 0.0134765625 0.0276953125
0 0.660078125 0.7046777343749999 0.0255078125 0.03208984375
0 0.6303125 0.5941406250000001 0.0263671875 0.025546875
0 0.72548828125 0.59798828125 0.018125 0.028828125
0 0.713427734375 0.64927734375 0.01591796875 0.03921875
0 0.732490234375 0.65708984375 0.02220703125 0.02578125
0 0.800986328125 0.8185546874999999 0.02994140625 0.01546875
0 0.7563183593749999 0.9872265625000001 0.05232421875 0.025546875
0 0.910830078125 0.943515625 0.02896484375 0.017109375
0 0.5966406249999999 0.8969140625 0.02765625 0.014140625
0 0.616865234375 0.964541015625 0.01353515625 0.01119140625
0 0.49098632812500004 0.94447265625 0.02767578125 0.0177734375
0 0.390771484375 0.969970703125 0.03326171875 0.02205078125
0 0.457333984375 0.726484375 0.01955078125 0.046875
0 0.386826171875 0.67541015625 0.02736328125 0.0326171875
0 0.321552734375 0.959189453125 0.01994140625 0.04560546875
0 0.30112304687499997 0.993525390625 0.01419921875 0.01294921875
0 0.28357421875 0.8716210937500001 0.0121875 0.0236328125
0 0.323671875 0.9078515625 0.04359375 0.035859375
0 0.29562499999999997 0.6798828125 0.020390625 0.03703125
0 0.38369140625 0.61623046875 0.017734375 0.02109375
0 0.375400390625 0.5454785156249999 0.02025390625 0.02646484375
0 0.369072265625 0.46729492187500005 0.02896484375 0.02533203125
0 0.33658203124999997 0.397421875 0.0309375 0.02671875
0 0.44576171875 0.25091796875 0.0246484375 0.01890625
0 0.364423828125 0.249228515625 0.02462890625 0.01353515625
0 0.5066796875 0.178857421875 0.028359375 0.02197265625
0 0.45841796874999996 0.0767578125 0.0249609375 0.03109375
0 0.440361328125 0.17378906249999998 0.02330078125 0.0165625
0 0.510732421875 0.226103515625 0.02228515625 0.05369140625
0 0.535234375 0.5374316406249999 0.0256640625 0.01619140625
0 0.6109960937500001 0.48494140625 0.0280078125 0.0111328125
0 0.29017578125 0.48136718749999996 0.013203125 0.016875
0 0.28820312499999995 0.45689453125 0.0143359375 0.0208203125
0 0.525869140625 0.9890234375 0.02447265625 0.021953125
0 0.574091796875 0.9721484375 0.01630859375 0.025859375
0 0.817177734375 0.6633984375 0.02126953125 0.02265625
0 0.8195410156249999 0.640283203125 0.01720703125 0.01689453125
0 0.511748046875 0.32534179687500003 0.03443359375 0.02462890625
0 0.9148925781249999 0.37364257812499996 0.01939453125 0.01505859375
0 0.900869140625 0.35410156249999997 0.02216796875 0.01859375
0 0.982041015625 0.43763671875 0.03591796875 0.02921875
0 0.705556640625 0.24076171875 0.02337890625 0.0216796875
0 0.615126953125 0.235927734375 0.03474609375 0.03361328125
0 0.9295703125 0.659853515625 0.0238671875 0.02361328125
0 0.944921875 0.6131152343749999 0.0244140625 0.03208984375
0 0.8640234375 0.613095703125 0.0222265625 0.01345703125
0 0.840849609375 0.6345019531249999 0.01865234375 0.03208984375
0 0.7637109375 0.88888671875 0.0329296875 0.0434375
0 0.8609765625 0.9450000000000001 0.0226953125 0.0148046875
0 0.8841796875 0.9443359375 0.0177734375 0.01546875
0 0.9555859375 0.195087890625 0.0145703125 0.01482421875
0 0.505146484375 0.875517578125 0.03685546875 0.02205078125