0 0.24001953125 0.656328125 0.042890625 0.03609375
0 0.933515625 0.31064453124999997 0.039375 0.0380078125
0 0.43767578125 0.065078125 0.053359375 0.046953125
0 0.60900390625 0.0733984375 0.0732421875 0.0732421875
0 0.414794921875 0.9662695312499999 0.03927734375 0.035234375
0 0.188125 0.9063671875 0.039375 0.035390625
0 0.285625 0.443408203125 0.0320703125 0.03318359375
0 0.078798828125 0.18369140625 0.03306640625 0.029375
0 0.011044921875 0.112294921875 0.02208984375 0.03244140625
0 0.05447265625 0.1165234375 0.038515625 0.030703125
0 0.60376953125 0.21083984375 0.038203125 0.039609375
0 0.9097265625000001 0.292509765625 0.0478125 0.04302734375
0 0.500673828125 0.10322265625 0.03322265625 0.0328125
0 0.4501953125 0.18291015625 0.0276953125 0.024296875
0 0.46382812500000004 0.14967773437499998 0.0370703125 0.03451171875
0 0.4692578125 0.9630371093750001 0.05265625 0.05142578125
0 0.388505859375 0.264755859375 0.03263671875 0.03037109375