0 0.289990234375 0.900166015625 0.02677734375 0.03638671875
0 0.3714453125 0.750322265625 0.0600390625 0.03361328125
0 0.30470703125 0.77638671875 0.0394921875 0.0486328125
0 0.36374999999999996 0.791982421875 0.0193359375 0.02767578125
0 0.34479492187500005 0.787646484375 0.01935546875 0.03083984375
0 0.35646484375 0.905009765625 0.0235546875 0.03384765625
0 0.7267187500000001 0.88951171875 0.043125 0.0331640625
0 0.82017578125 0.914228515625 0.01546875 0.02666015625
0 0.956748046875 0.9629296875 0.02072265625 0.0371875
0 0.964482421875 0.9134082031249999 0.02041015625 0.01447265625
0 0.72966796875 0.989755859375 0.091171875 0.02041015625
0 0.5744921875 0.98912109375 0.0980859375 0.0217578125
0 0.3044921875 0.9391210937500001 0.041015625 0.0358203125
0 0.2618359375 0.911826171875 0.0421484375 0.04833984375
0 0.30992187499999996 0.691279296875 0.0260546875 0.04927734375
0 0.290224609375 0.380078125 0.03357421875 0.0415234375
0 0.01642578125 0.44621093749999996 0.0328515625 0.076953125
0 0.69634765625 0.616259765625 0.3313671875 0.07451171875
0 0.5678027343750001 0.6960546875 0.07193359375 0.084296875
0 0.82423828125 0.7226953125 0.0803125 0.13953125
0 0.20275390625 0.704814453125 0.025390625 0.02435546875
0 0.202763671875 0.041025390625 0.05259765625 0.06208984375
0 0.1075390625 0.0360546875 0.0213671875 0.03125
0 0.580185546875 0.42865234375000005 0.08255859375 0.1615625
0 0.4607421875 0.04404296875 0.03890625 0.088046875
0 0.473017578125 0.13651367187500002 0.06619140625 0.08599609375
0 0.37679687500000003 0.1 0.0402734375 0.0580078125
0 0.402724609375 0.042333984375 0.09349609375 0.05732421875
0 0.23126953125 0.12346679687499999 0.060859375 0.05294921875
0 0.1482421875 0.126318359375 0.0562890625 0.04611328125
0 0.09649414062499999 0.127734375 0.02900390625 0.0364453125
0 0.02404296875 0.182333984375 0.0437890625 0.05693359375
0 0.0351953125 0.3225 0.041796875 0.0579296875
0 0.1409375 0.582919921875 0.0394921875 0.04080078125
0 0.21394531249999998 0.6535253906249999 0.035546875 0.05455078125
0 0.310888671875 0.6029785156249999 0.03123046875 0.03478515625
0 0.31914062499999996 0.5407421875 0.0438671875 0.0685546875
0 0.31859374999999995 0.45584960937499996 0.0614453125 0.04716796875