0 0.229296875 0.7731640625 0.012421875 0.0216796875
0 0.6143164062500001 0.897275390625 0.0824609375 0.10970703125
0 0.507568359375 0.321044921875 0.04908203125 0.04345703125
1 0.671015625 0.6309765625 0.1758203125 0.146640625
0 0.9783398437499999 0.29287109375 0.0433203125 0.0954296875
0 0.080166015625 0.6657128906249999 0.06111328125 0.05888671875
0 0.350732421875 0.6734375 0.07951171875 0.0773046875
0 0.9169921875 0.4568359375 0.0546875 0.064453125
0 0.9769628906250001 0.382470703125 0.04607421875 0.08056640625
0 0.085322265625 0.563740234375 0.06111328125 0.05080078125
0 0.249501953125 0.5714746093749999 0.14208984375 0.09572265625
0 0.250419921875 0.716708984375 0.03052734375 0.04513671875
0 0.50830078125 0.908681640625 0.0544921875 0.05595703125
0 0.22982421874999998 0.799267578125 0.024140625 0.02560546875