0 0.933935546875 0.721162109375 0.13212890625 0.07076171875
0 0.8474609375 0.940673828125 0.305078125 0.11865234375
0 0.441357421875 0.315986328125 0.03689453125 0.04212890625
0 0.32025390625 0.36527343749999996 0.0473828125 0.04265625
0 0.759609375 0.6696093750000001 0.0441015625 0.0905078125
0 0.60279296875 0.13921875 0.0262109375 0.0284375
0 0.352822265625 0.276328125 0.02240234375 0.0246875
0 0.881162109375 0.08917968750000001 0.07228515625 0.056875
0 0.752919921875 0.42251953125 0.05740234375 0.038203125
0 0.558740234375 0.014208984375 0.08939453125 0.02841796875
0 0.30008789062499996 0.49761718749999995 0.27251953125 0.25484375
0 0.29005859375 0.58900390625 0.1321875 0.133359375
0 0.59322265625 0.5840820312499999 0.0485546875 0.0296484375
0 0.697490234375 0.40451171875 0.06205078125 0.0466015625
0 0.8466308593749999 0.5333398437500001 0.06060546875 0.039453125
0 0.418466796875 0.716220703125 0.07349609375 0.06595703125