3 0.634765625 0.2806640625 0.0203125 0.0203125
0 0.6132031250000001 0.34505859375000003 0.1287890625 0.1011328125
1 0.70216796875 0.88572265625 0.1053125 0.1376953125
0 0.56552734375 0.03359375 0.1248046875 0.0671875
0 0.23279296875 0.30979492187499996 0.1627734375 0.11197265625
0 0.1016796875 0.10037109375 0.203359375 0.2007421875
0 0.5833203124999999 0.960205078125 0.10265625 0.07958984375
0 0.5660839843750001 0.81103515625 0.06189453125 0.069453125
0 0.38966796875 0.79822265625 0.1814453125 0.2012109375
0 0.28731445312500004 0.9169140625000001 0.08869140625 0.0909765625
0 0.265478515625 0.9762402343750001 0.07291015625 0.04751953125
0 0.50779296875 0.588251953125 0.12015625 0.11728515625
0 0.858291015625 0.52587890625 0.07814453125 0.0833984375
0 0.8399218749999999 0.35904296875 0.32015625 0.2444140625
0 0.29081054687499996 0.45939453124999996 0.34181640625 0.1825390625
3 0.6568359375 0.268017578125 0.01796875 0.01603515625
1 0.280126953125 0.17681640625 0.08740234375 0.0846484375