0 0.448134765625 0.1503515625 0.26873046875 0.235859375
0 0.5678027343750001 0.2793359375 0.04197265625 0.0419921875
0 0.614697265625 0.3269140625 0.11197265625 0.116171875
0 0.672080078125 0.369609375 0.08537109375 0.0951953125
0 0.4505859375 0.362265625 0.065078125 0.08328125
0 0.529306640625 0.41020507812499996 0.14556640625 0.10357421875
3 0.275263671875 0.29962890625 0.03638671875 0.035
0 0.03265625 0.24412109375 0.0653125 0.0748828125
0 0.858935546875 0.0381640625 0.06970703125 0.076328125
0 0.91814453125 0.09689453125 0.0923828125 0.0948828125
0 0.926123046875 0.034335937500000004 0.04787109375 0.0487109375
0 0.879931640625 0.22916015625000002 0.03611328125 0.0403125
0 0.8299609375 0.23923828125 0.063828125 0.0352734375
0 0.77201171875 0.24301757812500002 0.0655078125 0.03611328125
0 0.064970703125 0.311875 0.07349609375 0.0762890625
0 0.7157421875000001 0.244697265625 0.0487109375 0.02771484375
0 0.757734375 0.534013671875 0.1091796875 0.09404296875
0 0.09919921875 0.48591796875 0.1348046875 0.139140625
0 0.06412109375 0.55490234375 0.1282421875 0.1362109375
0 0.039218750000000004 0.66814453125 0.078046875 0.0633203125
0 0.071259765625 0.704951171875 0.09498046875 0.08982421875
0 0.180556640625 0.742880859375 0.10755859375 0.12443359375
0 0.330791015625 0.8260742187500001 0.16787109375 0.121484375
0 0.517060546875 0.93982421875 0.13548828125 0.1119140625
0 0.7265234375 0.9732226562499999 0.131796875 0.0535546875
0 0.6234570312500001 0.7708496093749999 0.1303125 0.11412109375
0 0.44001953125 0.78103515625 0.057734375 0.040546875