0 0.840205078125 0.06611328125 0.03544921875 0.0451953125
0 0.697607421875 0.15675781249999998 0.03544921875 0.041171875
0 0.536845703125 0.26390625 0.04439453125 0.0427734375
0 0.652490234375 0.03349609375 0.02255859375 0.0298828125
0 0.696806640625 0.06208984375 0.04833984375 0.0371484375
0 0.365693359375 0.40850585937499995 0.04833984375 0.04681640625
0 0.34958007812499997 0.340029296875 0.03544921875 0.03068359375
0 0.291572265625 0.166015625 0.05318359375 0.0451953125
0 0.37576171875000003 0.122509765625 0.03625 0.03552734375
0 0.46880859374999995 0.20710937499999998 0.043515625 0.051640625
0 0.44907226562499997 0.0689453125 0.04591796875 0.04921875
0 0.40677734374999996 0.011728515625 0.0354296875 0.02345703125
0 0.214228515625 0.125732421875 0.03705078125 0.03552734375
0 0.15302734375 0.33232421875 0.0353515625 0.0412109375
0 0.105390625 0.40952148437499997 0.03625 0.04349609375
0 0.894765625 0.8556640624999999 0.02625 0.0286328125
0 0.931787109375 0.8786914062500001 0.02916015625 0.0338671875
0 0.7676171875 0.914931640625 0.0344140625 0.04962890625
1 0.357294921875 0.181669921875 0.06224609375 0.06517578125
0 0.20013671875 0.15473632812500002 0.0266015625 0.02263671875
0 0.095 0.012138671875 0.04671875 0.02427734375
0 0.1453515625 0.22603515624999998 0.049140625 0.0395703125
0 0.8404980468750001 0.94984375 0.04263671875 0.030390625
0 0.8435546875000001 0.1628125 0.026328125 0.0216015625
0 0.20600585937500002 0.26986328125 0.03849609375 0.055390625
0 0.903212890625 0.6715917968749999 0.05306640625 0.03330078125
0 0.8585449218750001 0.21759765625 0.04724609375 0.0495703125
0 0.9734472656250001 0.139453125 0.05310546875 0.0390625
0 0.67607421875 0.224736328125 0.0400390625 0.03341796875
0 0.61396484375 0.20869140625 0.0431640625 0.0345703125
0 0.72705078125 0.690166015625 0.0427734375 0.03490234375
0 0.9817285156250001 0.8878906249999999 0.03654296875 0.030625
0 0.759638671875 0.810517578125 0.04029296875 0.03392578125
0 0.696796875 0.78916015625 0.038671875 0.0347265625
0 0.679482421875 0.847568359375 0.04107421875 0.04197265625
0 0.494189453125 0.44717773437499997 0.02818359375 0.03068359375
0 0.47203125 0.400048828125 0.04671875 0.03470703125
0 0.543330078125 0.37507812500000004 0.02818359375 0.0347265625
0 0.765283203125 0.54384765625 0.02900390625 0.0451953125
0 0.93609375 0.49269531250000004 0.0403125 0.036328125
0 0.871220703125 0.44919921875 0.04591796875 0.0347265625
0 0.8023339843749999 0.41455078125 0.03060546875 0.0266796875
0 0.9199609375 0.03671875 0.0402734375 0.036328125
0 0.766083984375 0.11042968750000001 0.04189453125 0.046796875