0 0.36365234375 0.13337890624999998 0.031640625 0.03125
1 0.075732421875 0.395029296875 0.15146484375 0.21283203125
0 0.4171484375 0.066005859375 0.06640625 0.07724609375
0 0.23745117187499998 0.15822265625 0.04904296875 0.03984375
0 0.78158203125 0.24870117187500002 0.0417578125 0.04455078125
0 0.7943847656249999 0.079033203125 0.03986328125 0.06634765625
0 0.7093164062499999 0.196572265625 0.0782421875 0.06634765625
1 0.31014648437500003 0.855078125 0.13787109375 0.150390625
0 0.3174609375 0.28125 0.04234375 0.05625
0 0.34732421875 0.3081640625 0.05625 0.0485546875
0 0.391455078125 0.261884765625 0.04248046875 0.03525390625
0 0.32804687499999996 0.16576171875 0.03984375 0.0388671875
0 0.453916015625 0.923837890625 0.08802734375 0.08529296875
0 0.763603515625 0.147373046875 0.03080078125 0.07724609375