0 0.011708984375 0.8126953125 0.02341796875 0.04140625
0 0.084755859375 0.8597460937500001 0.06037109375 0.051640625
0 0.23228515624999999 0.7717871093750001 0.04140625 0.05271484375
0 0.953115234375 0.620302734375 0.09376953125 0.08466796875
0 0.839677734375 0.20451171875000002 0.16255859375 0.2129296875
0 0.09041015625 0.67021484375 0.046015625 0.0511328125
0 0.85205078125 0.044169921875 0.1183984375 0.08833984375
0 0.656796875 0.049023437499999996 0.083046875 0.09453125
1 0.175009765625 0.19017578125 0.10896484375 0.1088671875
0 0.103115234375 0.538623046875 0.04939453125 0.05396484375
0 0.5470410156250001 0.23099609375 0.09197265625 0.0798828125
0 0.488984375 0.2785546875 0.09515625 0.07921875
0 0.62671875 0.32899414062500004 0.098359375 0.10580078125
0 0.5730664062499999 0.3856640625 0.0745703125 0.0713671875
0 0.2409375 0.59884765625 0.04046875 0.0603515625
0 0.068056640625 0.157685546875 0.03615234375 0.05005859375
0 0.12368164062499999 0.41021484375 0.05533203125 0.0576953125
1 0.15434570312499998 0.673388671875 0.06017578125 0.08408203125
0 0.073203125 0.0324609375 0.0876953125 0.064921875
0 0.9031640625 0.9606640625 0.0338671875 0.0544921875
0 0.957646484375 0.7637109375 0.04712890625 0.12
0 0.901318359375 0.90912109375 0.03017578125 0.047109375
0 0.668330078125 0.9442578125000001 0.07650390625 0.111484375
0 0.577724609375 0.7953710937499999 0.18111328125 0.0581640625
0 0.632216796875 0.63560546875 0.06626953125 0.228984375
0 0.7411328125000001 0.7187988281250001 0.08171875 0.12591796875
0 0.7363867187500001 0.5336328124999999 0.1362109375 0.0633203125