0 0.0637109375 0.287353515625 0.0775 0.10814453125
0 0.03001953125 0.14051757812500001 0.0600390625 0.21947265625
0 0.1333984375 0.141123046875 0.1310546875 0.18037109375
0 0.156806640625 0.28940429687499997 0.10603515625 0.12443359375
0 0.501748046875 0.05123046875 0.16861328125 0.0971875
0 0.96412109375 0.03923828125 0.0581640625 0.0784765625
0 0.912578125 0.089521484375 0.062578125 0.04123046875
0 0.8091796875 0.030029296875 0.055859375 0.06005859375
0 0.865791015625 0.018623046875 0.03099609375 0.03724609375
0 0.7248339843749999 0.11564453124999999 0.06845703125 0.09203125
0 0.85037109375 0.318115234375 0.1030859375 0.09498046875
0 0.9486523437500001 0.26658203125 0.0287109375 0.044921875
1 0.780244140625 0.455927734375 0.07361328125 0.06849609375
0 0.22800781250000002 0.429375 0.1568359375 0.06625
0 0.293310546875 0.481005859375 0.07068359375 0.09951171875
0 0.072431640625 0.51087890625 0.09572265625 0.1605078125
0 0.17330078125 0.613173828125 0.0809765625 0.12376953125
0 0.31399414062500003 0.648662109375 0.13076171875 0.21736328125
0 0.18146484375 0.869990234375 0.12015625 0.14224609375
0 0.04037109375 0.912392578125 0.0807421875 0.14400390625
0 0.41447265625 0.9610253906249999 0.071171875 0.07794921875
0 0.586875 0.921142578125 0.0858984375 0.15771484375
0 0.640869140625 0.9153125 0.07240234375 0.071171875
0 0.678291015625 0.902724609375 0.08833984375 0.12455078125
0 0.847021484375 0.8255468749999999 0.06197265625 0.0938671875
0 0.62375 0.701787109375 0.0912890625 0.14724609375
0 0.49107421875 0.59076171875 0.1119140625 0.121484375
0 0.601884765625 0.5447460937499999 0.08025390625 0.0633203125
0 0.5436328125 0.5573046875000001 0.0237890625 0.024140625
0 0.669091796875 0.346298828125 0.08466796875 0.05275390625
0 0.8632519531249999 0.506123046875 0.07552734375 0.09263671875
0 0.84830078125 0.667509765625 0.0511328125 0.08845703125