0 0.09533203125 0.294814453125 0.10671875 0.08478515625
0 0.034912109375 0.758857421875 0.06982421875 0.12423828125
0 0.170166015625 0.83373046875 0.14501953125 0.116015625
0 0.032841796875 0.15994140625 0.06568359375 0.173046875
0 0.193369140625 0.95689453125 0.14501953125 0.0862109375
0 0.24724609375 0.64580078125 0.127734375 0.255234375
0 0.874287109375 0.603984375 0.20544921875 0.234453125
0 0.857841796875 0.2665234375 0.14259765625 0.1925390625
0 0.601943359375 0.10015625 0.12173828125 0.1433984375
0 0.7320410156249999 0.0512890625 0.09998046875 0.102578125
0 0.542451171875 0.205556640625 0.04498046875 0.03154296875
0 0.50330078125 0.22675781250000002 0.0169921875 0.0223828125
0 0.81744140625 0.83638671875 0.0284375 0.03640625
0 0.8209375 0.7573925781249999 0.0344921875 0.02376953125
0 0.889970703125 0.9551953125 0.08833984375 0.089609375