0 0.341318359375 0.52876953125 0.13798828125 0.23109375
0 0.6808300781250001 0.08705078125 0.09587890625 0.0882421875
0 0.28555664062499997 0.052851562500000004 0.08525390625 0.0534375
0 0.7169921875 0.918955078125 0.1148828125 0.13787109375
0 0.1296484375 0.7821289062500001 0.0564453125 0.0387109375
0 0.099638671875 0.492666015625 0.10642578125 0.18259765625
0 0.21875 0.469091796875 0.090703125 0.19591796875
0 0.14975585937500002 0.906865234375 0.13435546875 0.15478515625
0 0.37234375 0.927421875 0.2333984375 0.128203125
0 0.56115234375 0.49607421875 0.0734765625 0.0398828125
0 0.555205078125 0.451845703125 0.07208984375 0.03708984375
0 0.555908203125 0.413349609375 0.06927734375 0.03708984375
0 0.54541015625 0.2990625 0.1259765625 0.0573828125
0 0.264384765625 0.199716796875 0.22892578125 0.14423828125
0 0.4733203125 0.07550781250000001 0.06859375 0.13234375
0 0.89744140625 0.129384765625 0.0937890625 0.14212890625
0 0.980693359375 0.590380859375 0.03861328125 0.09822265625
0 0.31060546875 0.73263671875 0.036640625 0.0370703125
0 0.165390625 0.6773925781250001 0.0426953125 0.03849609375
1 0.430625 0.24886718749999998 0.085859375 0.08828125
1 0.763193359375 0.24041015625 0.08103515625 0.085859375
1 0.6666015625 0.6204296874999999 0.095703125 0.0655078125
0 0.055087890625 0.29482421875 0.06806640625 0.0848828125
0 0.85810546875 0.8219433593750001 0.2837890625 0.33970703125
0 0.846923828125 0.38322265625 0.09931640625 0.164453125
0 0.83974609375 0.5597851562499999 0.108828125 0.0943359375
0 0.498720703125 0.570068359375 0.07498046875 0.05201171875
0 0.420107421875 0.799833984375 0.12333984375 0.11005859375
0 0.0292578125 0.85365234375 0.058515625 0.2007421875