0 0.57060546875 0.681767578125 0.066484375 0.06998046875
0 0.8069921875 0.553642578125 0.0448828125 0.04455078125
0 0.220927734375 0.9585742187499999 0.16205078125 0.0828515625
0 0.419931640625 0.845712890625 0.17884765625 0.18224609375
0 0.02052734375 0.612646484375 0.0410546875 0.10439453125
0 0.428603515625 0.522255859375 0.07873046875 0.08689453125
0 0.356865234375 0.45664062499999997 0.13822265625 0.1411328125
0 0.5251171875 0.54646484375 0.0723046875 0.06765625
0 0.940458984375 0.61048828125 0.04525390625 0.038828125
0 0.696298828125 0.379521484375 0.04048828125 0.03576171875
0 0.59525390625 0.566875 0.05953125 0.0660546875
0 0.52748046875 0.125439453125 0.0475390625 0.04611328125
0 0.45515625000000004 0.34626953125000004 0.06109375 0.066484375
0 0.88076171875 0.32845703125 0.04125 0.0375
0 0.7221484375 0.236162109375 0.070859375 0.06517578125
0 0.537099609375 0.97755859375 0.07255859375 0.0448828125
0 0.833046875 0.307841796875 0.0405859375 0.03576171875