0 0.9401171875000001 0.6795703125 0.085859375 0.064765625
0 0.296962890625 0.47537109375 0.03833984375 0.04984375
0 0.37607421875 0.4325390625 0.051953125 0.0541796875
0 0.24779296875 0.82216796875 0.0540625 0.055234375
0 0.103603515625 0.815546875 0.05724609375 0.051953125
0 0.183046875 0.693837890625 0.057265625 0.04193359375
0 0.5087207031250001 0.507177734375 0.08693359375 0.07115234375
0 0.130927734375 0.6099609375 0.07287109375 0.074140625
0 0.07958984375 0.685595703125 0.0502734375 0.04814453125
0 0.085390625 0.925439453125 0.0433203125 0.05822265625
0 0.664912109375 0.5838085937499999 0.05212890625 0.0644921875
0 0.795390625 0.733115234375 0.0530078125 0.06583984375
0 0.444990234375 0.644580078125 0.04982421875 0.04783203125
0 0.29337890625 0.55552734375 0.1049609375 0.1008203125