0 0.34880859375 0.170986328125 0.028359375 0.01923828125
0 0.125400390625 0.5507128906250001 0.02619140625 0.01771484375
0 0.0969921875 0.074951171875 0.0332421875 0.03791015625
0 0.296728515625 0.090693359375 0.02916015625 0.02974609375
0 0.25150390625 0.1586328125 0.0321484375 0.031484375
0 0.083544921875 0.23357421875 0.02978515625 0.0320703125
0 0.0078125 0.209658203125 0.015625 0.03673828125
0 0.02888671875 0.30802734375 0.0222265625 0.0208203125
0 0.132646484375 0.3833984375 0.03208984375 0.026953125
0 0.08798828125 0.511484375 0.0329296875 0.0241796875
0 0.114306640625 0.590791015625 0.02869140625 0.03431640625
0 0.143095703125 0.651826171875 0.02501953125 0.03064453125
0 0.1640234375 0.75802734375 0.064453125 0.0300390625
0 0.2156640625 0.7658203124999999 0.0226171875 0.050625
0 0.2784375 0.691064453125 0.029375 0.02666015625
0 0.3970703125 0.617158203125 0.039140625 0.02666015625
0 0.3903125 0.5633203124999999 0.026328125 0.01890625
0 0.32686523437500004 0.453466796875 0.03779296875 0.02869140625
0 0.38728515625 0.31644531249999996 0.022265625 0.019921875
0 0.27236328125000003 0.23662109374999998 0.0205859375 0.0296875
0 0.5563671875 0.312216796875 0.0269921875 0.02025390625
0 0.7089160156250001 0.27408203124999997 0.03509765625 0.0296875
0 0.6766894531250001 0.310869140625 0.04826171875 0.03712890625
0 0.771689453125 0.2605859375 0.03240234375 0.0290234375
0 0.6692578124999999 0.182958984375 0.0354296875 0.03306640625
0 0.7391210937499999 0.35676757812500004 0.0374609375 0.02498046875
0 0.898427734375 0.367568359375 0.03880859375 0.03916015625
0 0.8758105468749999 0.44350585937500003 0.04083984375 0.03779296875
0 0.913251953125 0.4990234375 0.03548828125 0.0421875
0 0.81421875 0.55876953125 0.0182421875 0.0469140625
0 0.77490234375 0.5526855468749999 0.021953125 0.01720703125
0 0.48505859375 0.6453027343750001 0.0344140625 0.02091796875
0 0.63044921875 0.70048828125 0.0226171875 0.0195703125
0 0.79201171875 0.710439453125 0.0320703125 0.02228515625
0 0.961435546875 0.697607421875 0.02732421875 0.02970703125
0 0.9416992187500001 0.61154296875 0.0290234375 0.016875
0 0.09517578125000001 0.19767578125 0.02421875 0.01484375
0 0.061962890625 0.19562500000000002 0.01994140625 0.0181640625
0 0.408291015625 0.389951171875 0.02587890625 0.03037109375
0 0.602626953125 0.45969726562499996 0.02755859375 0.03994140625
0 0.537666015625 0.474599609375 0.02587890625 0.02697265625
0 0.5303515624999999 0.42776367187500003 0.028671875 0.02900390625
0 0.6127636718749999 0.41779296875 0.02306640625 0.0298046875
0 0.9614843750000001 0.3975 0.037265625 0.031875
0 0.22369140625 0.8810546874999999 0.0317578125 0.03234375
0 0.4996875 0.8817578125 0.034921875 0.032578125
0 0.6352734375 0.8884375 0.03984375 0.0346875
0 0.119677734375 0.974130859375 0.03771484375 0.03482421875
0 0.20534179687499998 0.98767578125 0.03244140625 0.0246484375
0 0.5054394531249999 0.9834472656250001 0.03001953125 0.02673828125
0 0.612177734375 0.989287109375 0.03767578125 0.02142578125
0 0.80375 0.9880761718750001 0.01984375 0.02384765625
0 0.52275390625 0.835791015625 0.0144921875 0.02087890625
0 0.677841796875 0.907587890625 0.02556640625 0.02130859375
0 0.56927734375 0.34158203125000003 0.034140625 0.0251171875