1 0.7803417968749999 0.358505859375 0.15724609375 0.11908203125
0 0.894326171875 0.4325 0.07888671875 0.1043359375
1 0.8326171875 0.9501953125 0.111328125 0.099609375
0 0.43796874999999996 0.931484375 0.049609375 0.057265625
0 0.144541015625 0.16734375 0.11662109375 0.0890625
0 0.04947265625 0.288740234375 0.0989453125 0.19826171875
0 0.26064453125 0.14030273437500002 0.1134375 0.08798828125
0 0.850703125 0.10185546875 0.129453125 0.12515625
1 0.562783203125 0.40278320312500004 0.14044921875 0.11908203125
0 0.390517578125 0.10744140625 0.13783203125 0.096484375
0 0.3597265625 0.935302734375 0.1144921875 0.05978515625