0 0.21005859375000002 0.026162109375 0.1654296875 0.05232421875
0 0.88357421875 0.665126953125 0.0623046875 0.07451171875
0 0.681298828125 0.719990234375 0.02791015625 0.02865234375
0 0.6968359375 0.94486328125 0.0247265625 0.0424609375
0 0.742255859375 0.9741601562500001 0.02142578125 0.0345703125
0 0.8815625 0.85673828125 0.1888671875 0.1416015625
0 0.13777343749999998 0.518212890625 0.0327734375 0.02607421875
0 0.981455078125 0.480693359375 0.03708984375 0.08943359375
0 0.016328125 0.4578125 0.03265625 0.0437890625
1 0.11390625 0.71671875 0.164609375 0.140859375
0 0.36464843750000003 0.653037109375 0.036953125 0.03982421875
0 0.08328125 0.24072265625 0.038203125 0.0853125
0 0.0229296875 0.035537109375 0.0433984375 0.05978515625
0 0.305361328125 0.74482421875 0.01259765625 0.01921875
0 0.41158203125 0.120390625 0.0487109375 0.0496875
0 0.3365625 0.7266601562499999 0.0178515625 0.0203515625