1 0.58103515625 0.1770703125 0.0889453125 0.081171875
0 0.027744140625 0.018173828125 0.05548828125 0.03634765625
0 0.9788281249999999 0.424580078125 0.04234375 0.12333984375
0 0.200810546875 0.41271484375 0.33802734375 0.18546875
0 0.27140625 0.644833984375 0.0722265625 0.22095703125
0 0.07943359375 0.9183789062500001 0.1588671875 0.1632421875
0 0.958193359375 0.84595703125 0.08361328125 0.1495703125
0 0.42783203125 0.1615234375 0.1073046875 0.044375
0 0.405380859375 0.098857421875 0.04490234375 0.07873046875
0 0.25890625 0.9519824218749999 0.1146484375 0.09603515625
0 0.22681640625 0.090517578125 0.0856640625 0.15537109375