0 0.086826171875 0.155546875 0.06564453125 0.07546875
0 0.20775390625 0.35794921874999996 0.0980859375 0.094140625
0 0.803408203125 0.301484375 0.06603515625 0.065625
0 0.665712890625 0.56255859375 0.12369140625 0.0979296875
0 0.5670605468750001 0.504033203125 0.12369140625 0.09865234375
0 0.604599609375 0.765029296875 0.10455078125 0.08908203125
0 0.5379687500000001 0.72638671875 0.07140625 0.0736328125
0 0.459189453125 0.6818359375 0.12736328125 0.0964453125
0 0.31672851562500004 0.59421875 0.12810546875 0.100859375
0 0.229111328125 0.52390625 0.08982421875 0.086875
0 0.051240234375 0.358251953125 0.10248046875 0.16345703125
0 0.091796875 0.43150390625 0.090546875 0.0787890625
0 0.0740625 0.61189453125 0.148125 0.1759765625
0 0.20601562499999998 0.7699511718750001 0.1340625 0.13470703125
0 0.367958984375 0.8583203125 0.13841796875 0.1082421875
0 0.46919921875 0.9525390625 0.1465234375 0.094921875
0 0.80693359375 0.944853515625 0.201953125 0.11029296875
0 0.9388964843750001 0.852490234375 0.10173828125 0.09048828125
0 0.8524414062500001 0.798955078125 0.1385546875 0.11197265625
0 0.9156054687499999 0.661416015625 0.1687890625 0.14673828125
0 0.9424511718749999 0.49064453125 0.11509765625 0.0812890625
0 0.757080078125 0.416767578125 0.12271484375 0.10123046875
0 0.6544042968749999 0.35828125 0.12509765625 0.09859375
0 0.57978515625 0.0474609375 0.1301171875 0.094921875
0 0.25248046874999996 0.033701171875 0.115546875 0.06740234375
0 0.052431640625 0.07265624999999999 0.10486328125 0.14234375
0 0.043515625 0.202724609375 0.0773046875 0.08099609375
0 0.13560546875 0.221806640625 0.07484375 0.07056640625
0 0.155234375 0.292060546875 0.0822265625 0.07853515625
0 0.265634765625 0.294326171875 0.11462890625 0.11958984375