0 0.451845703125 0.030625 0.02634765625 0.0241015625
0 0.930908203125 0.687587890625 0.05123046875 0.05607421875
0 0.3071875 0.776318359375 0.0466796875 0.03822265625
0 0.10869140625000001 0.08519531250000001 0.0363671875 0.041953125
0 0.18125 0.21854492187500002 0.02796875 0.02634765625
0 0.198876953125 0.13462890625 0.03525390625 0.039765625
0 0.207275390625 0.042041015625 0.03861328125 0.04146484375
0 0.120830078125 0.185263671875 0.06154296875 0.04705078125
0 0.25455078125 0.16427734375 0.04140625 0.04203125
0 0.485771484375 0.090791015625 0.02630859375 0.03189453125
0 0.40626953125 0.10922851562500001 0.0324609375 0.04146484375
0 0.72181640625 0.36831054687500003 0.0223828125 0.02353515625
0 0.38640625 0.026738281250000002 0.020703125 0.0229296875
0 0.41072265625 0.18083984374999998 0.02578125 0.02578125
0 0.016220703125 0.22358398437500002 0.03244140625 0.03642578125
0 0.53466796875 0.162939453125 0.034140625 0.02802734375
0 0.6238671875 0.126845703125 0.03921875 0.03529296875
0 0.63228515625 0.0972265625 0.038046875 0.0240625
0 0.6089843749999999 0.729638671875 0.0396484375 0.03771484375
0 0.568876953125 0.887216796875 0.04830078125 0.04544921875
0 0.14978515625 0.92830078125 0.0551171875 0.04640625
0 0.147373046875 0.5662597656249999 0.04060546875 0.04158203125
0 0.08259765625 0.625234375 0.04640625 0.0454296875
0 0.246455078125 0.81326171875 0.04931640625 0.04640625
0 0.41515625 0.725283203125 0.0580078125 0.05994140625
0 0.901826171875 0.50376953125 0.02564453125 0.0209765625
0 0.936787109375 0.504833984375 0.02982421875 0.03216796875
0 0.064052734375 0.32260742187499997 0.02853515625 0.04201171875
0 0.330908203125 0.649951171875 0.03693359375 0.02634765625