1 0.56484375 0.21182617187500002 0.164921875 0.13912109375
0 0.54529296875 0.0845703125 0.092890625 0.07796875
0 0.061123046875 0.27568359375 0.06892578125 0.048671875
0 0.1631640625 0.39058593750000004 0.131640625 0.0733203125
0 0.22103515625000003 0.3305078125 0.128984375 0.0733203125
0 0.325732421875 0.347294921875 0.09630859375 0.06626953125
0 0.504462890625 0.44556640625 0.07509765625 0.0765625
0 0.44626953125 0.505283203125 0.1274609375 0.13251953125
0 0.087890625 0.7213671875 0.091875 0.0901171875
0 0.159775390625 0.6753515625 0.07341796875 0.0786328125
0 0.3153125 0.64353515625 0.1069140625 0.1016015625
0 0.212822265625 0.746904296875 0.08392578125 0.08216796875
1 0.74685546875 0.477890625 0.116328125 0.11484375
0 0.560322265625 0.749716796875 0.08548828125 0.13326171875
0 0.5125 0.83880859375 0.0544921875 0.0758203125
0 0.7285839843749999 0.694501953125 0.15240234375 0.09056640625
0 0.751748046875 0.7740234375 0.08990234375 0.0876171875
0 0.705029296875 0.84359375 0.08173828125 0.0824609375