0 0.37636718750000003 0.5692773437499999 0.034765625 0.040390625
0 0.15210937500000002 0.40793945312499996 0.0505859375 0.05119140625
0 0.5134765625000001 0.08011718749999999 0.0328515625 0.0283984375
0 0.6721972656249999 0.082197265625 0.02693359375 0.03462890625
0 0.584501953125 0.569052734375 0.03267578125 0.02556640625
0 0.4425 0.5199609375 0.0527734375 0.0184765625
0 0.8390429687500001 0.7879101562499999 0.043671875 0.0237890625
0 0.711396484375 0.658671875 0.03267578125 0.035859375
0 0.217509765625 0.6799707031250001 0.02966796875 0.03681640625
0 0.071787109375 0.373876953125 0.04216796875 0.04388671875
0 0.883427734375 0.64126953125 0.02166015625 0.03515625
0 0.8898144531250001 0.7596875 0.05361328125 0.0433203125
0 0.495908203125 0.86328125 0.04142578125 0.03015625