0 0.37830078125 0.8441406250000001 0.3015234375 0.1693359375
1 0.38544921875 0.34462890625 0.0537109375 0.0771484375
0 0.549296875 0.664755859375 0.1221484375 0.08537109375
0 0.2202734375 0.64763671875 0.1398828125 0.1362890625
0 0.109150390625 0.9063183593749999 0.21830078125 0.18736328125
0 0.652529296875 0.9473828125 0.04685546875 0.0556640625
0 0.72853515625 0.91380859375 0.091015625 0.0839453125
0 0.033671875 0.061572265625 0.06734375 0.07884765625
1 0.069267578125 0.55349609375 0.12978515625 0.1539453125
1 0.042539062499999995 0.30048828125 0.0728515625 0.1221484375
1 0.08499999999999999 0.721865234375 0.076484375 0.11298828125
0 0.821103515625 0.5451269531249999 0.02205078125 0.02130859375
0 0.796611328125 0.548603515625 0.02626953125 0.02876953125
0 0.33568359375 0.784404296875 0.1399609375 0.09541015625
0 0.6263867187500001 0.7646875 0.227734375 0.129765625
0 0.595859375 0.8416601562499999 0.103046875 0.075078125