0 0.9700488281249999 0.64896484375 0.05990234375 0.1602734375
0 0.866025390625 0.45999023437500003 0.12193359375 0.17736328125
0 0.9781152343749999 0.389453125 0.04376953125 0.090703125
0 0.820166015625 0.239794921875 0.20357421875 0.18443359375
0 0.9065624999999999 0.11634765625 0.186875 0.1833984375
0 0.058554687499999994 0.222431640625 0.046640625 0.03091796875
0 0.230595703125 0.319248046875 0.02916015625 0.03673828125
1 0.528740234375 0.049453125 0.10033203125 0.0822265625
0 0.51451171875 0.956630859375 0.028046875 0.02873046875
1 0.64296875 0.2913671875 0.116875 0.08046875
1 0.62875 0.197705078125 0.114296875 0.09798828125
0 0.598759765625 0.9611328124999999 0.11287109375 0.077734375
0 0.29493164062500005 0.7603222656249999 0.06123046875 0.05306640625
0 0.2634765625 0.27548828125 0.0219921875 0.0408984375
0 0.617724609375 0.689453125 0.07232421875 0.066484375
0 0.255859375 0.57142578125 0.0670703125 0.0933203125