0 0.41158203125 0.9755371093749999 0.1192578125 0.04892578125
1 0.80935546875 0.901875 0.09875 0.0856640625
0 0.505224609375 0.9343945312499999 0.07306640625 0.1312109375
0 0.952958984375 0.7547363281249999 0.07154296875 0.23279296875
0 0.296904296875 0.5491015625 0.16427734375 0.111953125
0 0.34075195312499995 0.6488769531249999 0.16326171875 0.11599609375
0 0.3029296875 0.603642578125 0.042109375 0.05224609375
0 0.5518359374999999 0.47248046875 0.1049609375 0.134375
0 0.5984375000000001 0.57703125 0.08734375 0.1083203125
0 0.406552734375 0.26755859375 0.08482421875 0.1075
0 0.451904296875 0.37169921875 0.10666015625 0.144453125
0 0.19029296875 0.189453125 0.0923828125 0.1226171875
0 0.24446289062499998 0.29317382812500004 0.09658203125 0.12177734375
0 0.0571875 0.0363671875 0.083125 0.072734375
2 0.137568359375 0.945830078125 0.09728515625 0.10833984375
0 0.100439453125 0.107998046875 0.09740234375 0.11923828125
0 0.328447265625 0.9163378906249999 0.08732421875 0.16732421875