0 0.089658203125 0.4327734375 0.03595703125 0.0320703125
0 0.39826171875 0.485009765625 0.0272265625 0.03935546875
0 0.4218359375 0.34188476562500003 0.021875 0.03013671875
0 0.35623046875 0.333134765625 0.021875 0.01943359375
0 0.597041015625 0.263642578125 0.03791015625 0.02720703125
0 0.31345703125 0.47529296875 0.03546875 0.023828125
0 0.41041015625 0.306162109375 0.019453125 0.02478515625
0 0.020605468749999998 0.1301953125 0.0319921875 0.035234375
0 0.39299804687499995 0.09253906249999999 0.03240234375 0.0319921875
0 0.809541015625 0.116220703125 0.03603515625 0.03158203125
0 0.59921875 0.6798046875 0.046171875 0.037421875
0 0.674560546875 0.7076074218749999 0.02576171875 0.03451171875
0 0.748564453125 0.7385839843750001 0.03712890625 0.02896484375
0 0.646728515625 0.5886914062499999 0.03419921875 0.0291015625
0 0.579384765625 0.912587890625 0.02982421875 0.03337890625
0 0.917509765625 0.6906249999999999 0.03302734375 0.0237890625
0 0.716025390625 0.8332421875 0.03322265625 0.021015625
0 0.651337890625 0.826572265625 0.02556640625 0.03220703125
0 0.47824218749999997 0.83935546875 0.0158984375 0.017890625
0 0.47702148437499997 0.357939453125 0.05470703125 0.05470703125
0 0.4925390625 0.86578125 0.038359375 0.0240234375
0 0.2534375 0.819384765625 0.0525 0.04130859375
0 0.583916015625 0.8434375 0.04275390625 0.03984375
0 0.0391015625 0.7396777343750001 0.024296875 0.02185546875
0 0.082119140625 0.5168554687500001 0.03255859375 0.0252734375