0 0.767236328125 0.763798828125 0.02462890625 0.03306640625
0 0.73044921875 0.751142578125 0.0280078125 0.03611328125
0 0.6492773437499999 0.7288671875 0.09921875 0.053671875
1 0.0287109375 0.27425781250000003 0.057421875 0.096796875
0 0.01759765625 0.833037109375 0.0351953125 0.15822265625
0 0.55333984375 0.219482421875 0.1765234375 0.09314453125
0 0.5802539062500001 0.39390625 0.1612890625 0.110859375
0 0.23927734375 0.21364257812499998 0.1585546875 0.17494140625
0 0.476181640625 0.4355859375 0.11267578125 0.0734765625
0 0.39189453125 0.055703125000000006 0.131015625 0.1068359375
0 0.2734765625 0.52431640625 0.0896875 0.229765625
0 0.379365234375 0.68759765625 0.12044921875 0.0769140625
0 0.44830078125 0.834169921875 0.09578125 0.26845703125
0 0.12250976562499999 0.365439453125 0.10591796875 0.11173828125
0 0.10146484375 0.5468359375 0.09578125 0.2539453125
0 0.27419921875000003 0.9544140625 0.015 0.029765625
0 0.29166015624999997 0.9586328125 0.017109375 0.032578125
0 0.31064453124999997 0.9639062500000001 0.016640625 0.03046875
0 0.309453125 0.8797265624999999 0.0290234375 0.0259765625
0 0.291064453125 0.92140625 0.01720703125 0.0344140625
0 0.732626953125 0.065498046875 0.23912109375 0.10884765625
0 0.79728515625 0.773408203125 0.0205859375 0.02666015625
0 0.9263378906249999 0.060400390625 0.14732421875 0.09283203125
0 0.86720703125 0.646279296875 0.044140625 0.02916015625
0 0.8741015624999999 0.8223828125 0.017421875 0.0316015625
0 0.837041015625 0.827236328125 0.03646484375 0.02267578125
0 0.974736328125 0.9146289062499999 0.05052734375 0.1707421875
0 0.742333984375 0.9569628906250001 0.38771484375 0.08607421875
0 0.680185546875 0.8508984374999999 0.19884765625 0.1133984375
0 0.37435546875 0.4033984375 0.0448046875 0.034296875
0 0.5044921875 0.5444140625 0.08265625 0.1427734375
0 0.65880859375 0.571708984375 0.1057421875 0.18755859375
0 0.73998046875 0.3683984375 0.06375 0.0902734375
0 0.7711816406249999 0.59642578125 0.12486328125 0.05890625