0 0.7834375 0.717763671875 0.0912890625 0.08615234375
0 0.855556640625 0.6610742187499999 0.11494140625 0.1096875
0 0.7134960937499999 0.77666015625 0.116328125 0.1067578125
0 0.51466796875 0.759365234375 0.097265625 0.09423828125
0 0.569521484375 0.69236328125 0.11861328125 0.1178125
0 0.6354199218750001 0.60806640625 0.10462890625 0.11265625
0 0.7130859374999999 0.5153027343750001 0.1362890625 0.14357421875
0 0.910126953125 0.8006054687499999 0.17974609375 0.1501953125
0 0.94068359375 0.572353515625 0.1186328125 0.13400390625
0 0.054912109375 0.650400390625 0.10982421875 0.08701171875
0 0.558955078125 0.02646484375 0.12388671875 0.0529296875
0 0.07603515625 0.29458984374999997 0.1520703125 0.2611328125
1 0.156494140625 0.1090234375 0.19072265625 0.1879296875
1 0.366708984375 0.793955078125 0.15173828125 0.10162109375
0 0.44672851562500004 0.47265625 0.17400390625 0.188046875
0 0.3626171875 0.282451171875 0.200703125 0.21345703125
0 0.2875390625 0.51150390625 0.0813671875 0.0789453125
0 0.19700195312500002 0.832509765625 0.13224609375 0.15033203125