0 0.447626953125 0.0899609375 0.47341796875 0.126640625
0 0.248662109375 0.9852832031250001 0.15478515625 0.02943359375
0 0.43896484375 0.88515625 0.0646875 0.1283984375
0 0.592705078125 0.912724609375 0.18978515625 0.14111328125
0 0.44479492187499997 0.74150390625 0.09330078125 0.0912890625
0 0.606484375 0.764296875 0.244921875 0.1283984375
0 0.22904296875 0.6667578125 0.2830859375 0.2026171875
0 0.829482421875 0.515732421875 0.34103515625 0.10814453125
2 0.931884765625 0.38498046874999997 0.13623046875 0.1170703125
0 0.738427734375 0.2532421875 0.10337890625 0.266015625
0 0.030986328125 0.05314453125 0.06197265625 0.0633203125
0 0.026640625 0.21578124999999998 0.05328125 0.060390625
0 0.35294921875 0.45065429687499997 0.4888671875 0.13990234375
0 0.403603515625 0.289111328125 0.48740234375 0.13474609375
0 0.2025390625 0.8815039062500001 0.3742578125 0.1993359375
1 0.956171875 0.692138671875 0.08171875 0.10896484375
1 0.053974609375 0.49177734375 0.10056640625 0.114609375