0 0.46115234375 0.21677734375 0.062578125 0.0448046875
0 0.461796875 0.17626953125 0.065 0.0435546875
0 0.4623828125 0.1339453125 0.0601171875 0.04234375
0 0.6666992187499999 0.135478515625 0.0650390625 0.05888671875
0 0.22896484375 0.59580078125 0.05375 0.0324609375
0 0.24332031250000002 0.536171875 0.039765625 0.0471875
0 0.980849609375 0.96353515625 0.03830078125 0.0405078125
0 0.32056640625 0.33933593749999996 0.06203125 0.0430078125
0 0.02888671875 0.624150390625 0.0577734375 0.10978515625
0 0.07544921875 0.71033203125 0.047109375 0.0493359375
0 0.11116210937499998 0.77103515625 0.09349609375 0.0737109375
0 0.19472656249999998 0.9849316406249999 0.0736328125 0.03013671875
0 0.319521484375 0.8748828125 0.08759765625 0.047109375
0 0.607763671875 0.873779296875 0.05595703125 0.05669921875
0 0.72814453125 0.894033203125 0.0787890625 0.06185546875
0 0.319970703125 0.294208984375 0.07056640625 0.04845703125
0 0.95859375 0.83328125 0.034609375 0.0390234375
0 0.8916015625 0.899189453125 0.052265625 0.05154296875
0 0.872666015625 0.375224609375 0.05951171875 0.07615234375
1 0.628515625 0.318046875 0.1042578125 0.0971875
1 0.33943359375 0.777568359375 0.085703125 0.09630859375
0 0.461884765625 0.45693359375 0.07599609375 0.0786328125
0 0.486005859375 0.3643359375 0.06318359375 0.053984375
0 0.473115234375 0.314638671875 0.05951171875 0.04662109375
0 0.462080078125 0.2640234375 0.06197265625 0.0570703125
0 0.426279296875 0.594697265625 0.04931640625 0.03025390625
0 0.4294921875 0.690263671875 0.062578125 0.09939453125
0 0.58080078125 0.092529296875 0.0564453125 0.03435546875
0 0.55587890625 0.6399707031249999 0.0355859375 0.05037109375
0 0.6255273437500001 0.715439453125 0.0570703125 0.04916015625
0 0.7853515625 0.6872265625 0.0858984375 0.0724609375
0 0.91634765625 0.743974609375 0.1024609375 0.03748046875
0 0.962626953125 0.5384375 0.07474609375 0.0644921875
0 0.79115234375 0.5402734375 0.0976171875 0.058359375
0 0.71046875 0.5387695312499999 0.0430078125 0.05765625
0 0.17087890625000002 0.231689453125 0.063203125 0.07423828125
0 0.158916015625 0.397958984375 0.05275390625 0.07423828125
0 0.19140625 0.305283203125 0.0196875 0.02521484375
0 0.260439453125 0.03900390625 0.05466796875 0.0595703125
0 0.5887109375 0.5461328125 0.0496875 0.0527734375
0 0.436240234375 0.04423828125 0.05521484375 0.0541015625
0 0.39267578124999997 0.039306640625 0.033125 0.05650390625
0 0.350009765625 0.04634765625 0.05712890625 0.0571484375
0 0.30369140625 0.041748046875 0.040546875 0.05654296875
0 0.32455078125 0.16109375 0.0601953125 0.0558984375
0 0.317490234375 0.2049609375 0.06939453125 0.033203125
0 0.318720703125 0.247294921875 0.07798828125 0.05037109375
0 0.342333984375 0.43259765625 0.06509765625 0.0540625
0 0.334365234375 0.38166992187500004 0.06142578125 0.05037109375
0 0.142451171875 0.568603515625 0.07658203125 0.07658203125