0 0.9428515625 0.20995117187499998 0.114296875 0.08931640625
1 0.20230468750000002 0.411259765625 0.108671875 0.10072265625
0 0.0669140625 0.91798828125 0.133828125 0.1640234375
0 0.2853515625 0.52232421875 0.0786328125 0.12015625
0 0.26371093749999996 0.69548828125 0.111328125 0.2403125
0 0.358251953125 0.081708984375 0.07775390625 0.11837890625
0 0.342783203125 0.194091796875 0.07509765625 0.12103515625
0 0.32291015624999997 0.31204101562500003 0.07953125 0.13076171875
0 0.730205078125 0.309794921875 0.13958984375 0.10345703125
0 0.84154296875 0.258544921875 0.1272265625 0.09814453125
0 0.8968847656250001 0.8323730468749999 0.06361328125 0.23666015625