0 0.068232421875 0.901669921875 0.13646484375 0.17759765625
0 0.028603515625 0.9445703125 0.03931640625 0.0345703125
0 0.52919921875 0.14302734374999998 0.075078125 0.0810546875
0 0.79201171875 0.7348046875 0.3408984375 0.3039453125
0 0.65912109375 0.591171875 0.3325390625 0.3003515625
0 0.986591796875 0.433251953125 0.02681640625 0.03216796875
0 0.3003515625 0.168056640625 0.0583984375 0.04291015625
0 0.370078125 0.3998828125 0.190703125 0.16328125
0 0.9746679687500001 0.49702148437500004 0.0506640625 0.06197265625
0 0.4094140625 0.017275390624999998 0.02859375 0.02025390625
0 0.363525390625 0.945166015625 0.03693359375 0.04529296875
0 0.94517578125 0.9827148437500001 0.05125 0.0321875
0 0.054228515625 0.106669921875 0.02384765625 0.02263671875
0 0.129326171875 0.16626953125 0.13349609375 0.115625
0 0.8837890625 0.45053710937499997 0.059609375 0.05958984375
0 0.51966796875 0.9237207031250001 0.2371875 0.14541015625
0 0.498212890625 0.55662109375 0.19666015625 0.1859375
0 0.610244140625 0.11083984375 0.08701171875 0.097734375