0 0.9647851562499999 0.9699023437500001 0.050546875 0.0601953125
0 0.974013671875 0.77115234375 0.04470703125 0.0447265625
0 0.863935546875 0.56849609375 0.03935546875 0.05734375
0 0.95234375 0.627451171875 0.0539453125 0.04470703125
0 0.851923828125 0.467841796875 0.05638671875 0.03646484375
0 0.691552734375 0.605625 0.03888671875 0.046640625
0 0.33701171874999997 0.775166015625 0.0447265625 0.03076171875
0 0.17986328125 0.432275390625 0.0593359375 0.03880859375
0 0.66435546875 0.738447265625 0.0537109375 0.05248046875
0 0.49136718749999997 0.586943359375 0.04859375 0.04779296875
0 0.36399414062499996 0.63607421875 0.04556640625 0.0455859375
0 0.360185546875 0.714482421875 0.05873046875 0.03509765625
0 0.338662109375 0.80505859375 0.03236328125 0.032578125
0 0.3345703125 0.830390625 0.029296875 0.02625
0 0.325546875 0.8696484375000001 0.03890625 0.037734375
0 0.32414062499999996 0.93234375 0.032890625 0.0534375
0 0.119619140625 0.98123046875 0.04783203125 0.0375390625
0 0.5203125 0.9215820312499999 0.05078125 0.0486328125
0 0.548349609375 0.753896484375 0.04962890625 0.04326171875
0 0.443388671875 0.405146484375 0.01771484375 0.02052734375
0 0.44191406250000004 0.45101562500000003 0.0220703125 0.0357421875
0 0.40431640625 0.5269238281249999 0.0838671875 0.09314453125
0 0.252216796875 0.777705078125 0.05306640625 0.06076171875
0 0.033466796875 0.812734375 0.06693359375 0.0579296875
0 0.104873046875 0.51689453125 0.07052734375 0.0394140625
0 0.137021484375 0.48954101562499996 0.02666015625 0.03509765625
1 0.928505859375 0.6922851562500001 0.07357421875 0.06046875
1 0.59509765625 0.6738964843749999 0.06296875 0.05423828125
1 0.49798828125 0.644150390625 0.057734375 0.05306640625
1 0.189951171875 0.7002539062500001 0.03439453125 0.040234375
0 0.9742089843749999 0.356181640625 0.03400390625 0.03564453125
0 0.9217578125 0.40294921875 0.0425390625 0.1000390625
0 0.9112304687499999 0.469375 0.035234375 0.0344140625
0 0.5378125 0.84375 0.0405078125 0.0678515625
0 0.641845703125 0.942470703125 0.04134765625 0.05685546875
0 0.7553124999999999 0.93517578125 0.0301171875 0.0471484375
0 0.099990234375 0.6657421874999999 0.04986328125 0.0494140625
0 0.381513671875 0.7874414062499999 0.04025390625 0.0423046875
0 0.849013671875 0.444833984375 0.04201171875 0.02099609375
0 0.86271484375 0.74564453125 0.033046875 0.0471484375
0 0.84302734375 0.86689453125 0.0451953125 0.05734375
0 0.972255859375 0.874580078125 0.04908203125 0.05103515625