0 0.36276367187499997 0.47513671875 0.12634765625 0.0724609375
0 0.704462890625 0.16880859375 0.09771484375 0.099375
0 0.771630859375 0.067265625 0.07939453125 0.13453125
0 0.61056640625 0.0558203125 0.0778515625 0.111640625
0 0.44416015625 0.045126953125 0.0748046875 0.09025390625
0 0.10642578125 0.524541015625 0.2128515625 0.08107421875
0 0.07818359375 0.73828125 0.1563671875 0.0780078125
0 0.052998046875 0.900107421875 0.10599609375 0.07189453125
1 0.28994140625 0.2643359375 0.1267578125 0.158828125
0 0.43768554687500005 0.938505859375 0.12884765625 0.12298828125
0 0.46677734374999996 0.8623046875 0.029453125 0.04859375
0 0.495126953125 0.71982421875 0.10970703125 0.246640625
0 0.9369335937500001 0.5599511718750001 0.1261328125 0.07775390625
0 0.81556640625 0.5383105468749999 0.12015625 0.07333984375
0 0.7051171875 0.5215234375 0.12015625 0.0733203125
0 0.589814453125 0.508271484375 0.12103515625 0.07685546875
0 0.475849609375 0.49196289062500004 0.12103515625 0.07076171875
0 0.9477148437499999 0.136025390625 0.1045703125 0.06974609375