0 0.073349609375 0.72630859375 0.06958984375 0.0362109375
0 0.864287109375 0.07263671875 0.11205078125 0.1035546875
0 0.687509765625 0.390498046875 0.04388671875 0.05283203125
0 0.745673828125 0.7965625 0.05564453125 0.080390625
0 0.41048828125000003 0.11167968750000001 0.1171484375 0.088359375
0 0.471591796875 0.1742578125 0.09505859375 0.1016015625
0 0.178671875 0.148115234375 0.2171875 0.12958984375
1 0.755166015625 0.571767578125 0.08982421875 0.08025390625
1 0.787939453125 0.591640625 0.08908203125 0.083203125
0 0.35490234375 0.047001953125 0.1031640625 0.09400390625
0 0.7447949218750001 0.736923828125 0.03798828125 0.05123046875
1 0.41611328124999997 0.6115234375 0.0773046875 0.0758203125