0 0.22140625 0.625009765625 0.02390625 0.03810546875
0 0.12923828125 0.395400390625 0.0208203125 0.03490234375
0 0.026357421875000002 0.9882031250000001 0.03107421875 0.0208984375
0 0.23457031250000002 0.562431640625 0.0316015625 0.02474609375
0 0.065263671875 0.46583984375000004 0.03001953125 0.0283984375
0 0.159423828125 0.69630859375 0.02798828125 0.0234765625
0 0.13026367187500001 0.6136914062500001 0.01826171875 0.0145703125
0 0.075 0.71107421875 0.0299609375 0.023125
0 0.022978515625 0.91220703125 0.03537109375 0.0287109375
0 0.045634765625000004 0.9434472656249999 0.02130859375 0.03107421875
0 0.014013671875 0.87 0.02525390625 0.01859375
0 0.087041015625 0.81775390625 0.04572265625 0.035546875
0 0.10941406249999999 0.878408203125 0.0171875 0.00919921875
0 0.142626953125 0.5438867187499999 0.03037109375 0.0264453125
0 0.057802734375000005 0.22172851562499998 0.02474609375 0.02900390625
0 0.093671875 0.230458984375 0.04078125 0.02447265625