0 0.752041015625 0.8223535156249999 0.08833984375 0.03498046875
0 0.71798828125 0.4458984375 0.0533984375 0.036875
0 0.143515625 0.109716796875 0.0672265625 0.10779296875
0 0.8146289062500001 0.498056640625 0.04171875 0.08962890625
0 0.921259765625 0.5957714843749999 0.08037109375 0.09939453125
0 0.2013671875 0.9355078124999999 0.185546875 0.128984375
0 0.625341796875 0.7520703125 0.06810546875 0.07125
0 0.163203125 0.74060546875 0.1134375 0.061484375
0 0.73609375 0.740107421875 0.0687109375 0.05712890625
0 0.840703125 0.70880859375 0.0398828125 0.041171875
0 0.85666015625 0.83060546875 0.07546875 0.036875
0 0.8768945312499999 0.7625 0.0362109375 0.0479296875