0 0.0151953125 0.033369140625 0.030390625 0.03814453125
0 0.2234765625 0.25685546875 0.0357421875 0.027421875
0 0.22109374999999998 0.18235351562500002 0.0309765625 0.11919921875
0 0.23182617187500001 0.41537109375000003 0.03337890625 0.036953125
0 0.2842578125 0.50595703125 0.1025 0.115625
0 0.169248046875 0.6203808593750001 0.05841796875 0.07509765625
0 0.144814453125 0.708583984375 0.07388671875 0.11083984375
0 0.134677734375 0.8140625 0.08224609375 0.1096484375
0 0.030693359375 0.7592382812499999 0.06138671875 0.069140625
0 0.443388671875 0.63169921875 0.10845703125 0.25984375
0 0.31882812499999996 0.7354003906250001 0.069140625 0.12396484375
0 0.29677734375 0.84982421875 0.0774609375 0.1096484375
0 0.2747265625 0.90046875 0.069140625 0.0393359375
0 0.407626953125 0.924912109375 0.07271484375 0.15017578125
0 0.18236328125 0.20024414062499998 0.036953125 0.13587890625
0 0.36709960937499997 0.20798828125 0.09892578125 0.1466015625
0 0.455302734375 0.15077148437500001 0.04408203125 0.06318359375
0 0.7788964843749999 0.0488671875 0.44099609375 0.097734375
0 0.9693066406249999 0.87783203125 0.06138671875 0.2443359375
0 0.960068359375 0.2348046875 0.03099609375 0.0309765625
0 0.9842089843749999 0.722880859375 0.03158203125 0.03931640625
0 0.85458984375 0.969609375 0.0679296875 0.06078125
0 0.9693066406249999 0.36888671875 0.06138671875 0.0679296875
0 0.9028515625 0.6638769531250001 0.097734375 0.24314453125
0 0.106376953125 0.489267578125 0.21275390625 0.08939453125
0 0.05453125 0.34564453125 0.1090625 0.219296875
0 0.123955078125 0.536943359375 0.15376953125 0.08224609375