0 0.453623046875 0.9318457031249999 0.07888671875 0.07306640625
0 0.554765625 0.4239453125 0.163125 0.088515625
0 0.9737988281250001 0.793349609375 0.05240234375 0.02810546875
0 0.513359375 0.6446191406249999 0.0540625 0.03404296875
0 0.45576171875 0.74345703125 0.0994140625 0.0591796875
0 0.36537109375 0.27505859375 0.059921875 0.0328125
3 0.4976953125 0.37380859375 0.0162109375 0.017578125
3 0.47904296875 0.37595703124999996 0.01875 0.016015625
3 0.49623046875000004 0.35564453125 0.016796875 0.01796875
3 0.47767578125 0.35593749999999996 0.017578125 0.0193359375
3 0.4949609375 0.336796875 0.0173828125 0.0158203125
3 0.47587890625 0.337890625 0.0166015625 0.015625
0 0.540703125 0.35546875 0.066953125 0.052734375
0 0.78935546875 0.51484375 0.1294921875 0.0583984375
0 0.68853515625 0.519384765625 0.05453125 0.04259765625
0 0.17629882812499997 0.86041015625 0.06748046875 0.104296875
0 0.08873046875 0.78529296875 0.1132421875 0.36640625
0 0.253447265625 0.76068359375 0.10064453125 0.2323046875