0 0.18072265625 0.260986328125 0.044921875 0.03216796875
0 0.48890625 0.8202539062499999 0.1270703125 0.0901953125
0 0.5849218749999999 0.7720898437499999 0.1019140625 0.0675
0 0.53740234375 0.9507714843749999 0.1073828125 0.09845703125
0 0.1412109375 0.15330078125 0.0440625 0.0462890625
0 0.66345703125 0.73251953125 0.074921875 0.054609375
0 0.1308203125 0.252666015625 0.0355078125 0.04267578125
0 0.35765625 0.9762792968749999 0.0577734375 0.04744140625
0 0.74474609375 0.846328125 0.124609375 0.1104296875
0 0.10142578125 0.36049804687500003 0.02328125 0.01939453125
0 0.64658203125 0.908291015625 0.1430078125 0.12271484375
0 0.7388378906249999 0.696806640625 0.09939453125 0.08283203125
0 0.809208984375 0.751533203125 0.08529296875 0.11962890625