0 0.094208984375 0.05333984375 0.09923828125 0.1066796875
0 0.1597265625 0.14865234375 0.09796875 0.106875
0 0.224609375 0.254892578125 0.110546875 0.12341796875
0 0.293310546875 0.3344140625 0.09033203125 0.0890625
0 0.03501953125 0.219267578125 0.0700390625 0.11322265625
0 0.081455078125 0.4775390625 0.16291015625 0.1488671875
0 0.08338867187499999 0.651201171875 0.07759765625 0.07888671875
0 0.03310546875 0.8108789062499999 0.0662109375 0.11578125
0 0.077001953125 0.90693359375 0.15400390625 0.1603125
0 0.202978515625 0.78669921875 0.10560546875 0.1005078125
0 0.278681640625 0.713544921875 0.12978515625 0.12212890625
1 0.546494140625 0.76125 0.15650390625 0.15140625
0 0.3274609375 0.978505859375 0.0610546875 0.04298828125
0 0.47280273437500003 0.95568359375 0.03365234375 0.06625
0 0.34810546875000004 0.532109375 0.07953125 0.119921875
0 0.320546875 0.4393359375 0.0752734375 0.08703125