1 0.079365234375 0.450283203125 0.11119140625 0.11634765625
0 0.05228515625 0.724912109375 0.1045703125 0.24173828125
0 0.090771484375 0.04322265625 0.12849609375 0.0864453125
0 0.71669921875 0.31416015625 0.0874609375 0.0671484375
0 0.8008984375 0.39892578125 0.16609375 0.1677734375
0 0.431494140625 0.04037109375 0.15548828125 0.0807421875
1 0.452705078125 0.229345703125 0.08658203125 0.07685546875
0 0.2010546875 0.935078125 0.2375 0.12984375
1 0.19318359375 0.372197265625 0.116328125 0.10462890625
0 0.44363281250000003 0.354296875 0.088125 0.080078125
0 0.63994140625 0.385625 0.0564453125 0.0558203125
0 0.35478515624999996 0.950986328125 0.12296875 0.09802734375