0 0.962373046875 0.6330078125 0.07525390625 0.0546875
0 0.7478222656250001 0.59810546875 0.06458984375 0.07421875
0 0.693046875 0.6692285156250001 0.0787109375 0.10513671875
0 0.678955078125 0.786298828125 0.09099609375 0.13427734375
0 0.054189453125 0.19685546874999998 0.10837890625 0.2156640625
0 0.15783203125 0.6083203125000001 0.09765625 0.19625
0 0.06357421875 0.66138671875 0.1271484375 0.2851953125
0 0.066748046875 0.9252343749999999 0.09646484375 0.0979296875
0 0.7830078125 0.9639062500000001 0.0687109375 0.0721875
0 0.8293945312500001 0.911923828125 0.063203125 0.07423828125
0 0.8893359375 0.72607421875 0.0215234375 0.0271484375
0 0.916103515625 0.5244238281250001 0.02857421875 0.01576171875
0 0.98318359375 0.581181640625 0.0336328125 0.05197265625
0 0.748876953125 0.11939453125 0.05119140625 0.03375
0 0.8751660156250001 0.0553515625 0.14833984375 0.110703125
0 0.94654296875 0.32796875 0.1069140625 0.108046875
0 0.832646484375 0.388125 0.13068359375 0.06625