0 0.81943359375 0.6090625 0.19546875 0.107265625
0 0.5424023437500001 0.59474609375 0.0866796875 0.19703125
0 0.15025390624999999 0.5600292968749999 0.25234375 0.10603515625
0 0.180693359375 0.04685546875 0.28458984375 0.0937109375
0 0.26732421875 0.348603515625 0.060078125 0.05744140625
0 0.25888671875 0.47892578124999996 0.0557421875 0.0459375
0 0.45705078125 0.46416992187499995 0.1870703125 0.16388671875
0 0.778310546875 0.753876953125 0.17998046875 0.09416015625
0 0.865322265625 0.45291992187499996 0.19189453125 0.11919921875
0 0.1683203125 0.458603515625 0.028359375 0.03888671875
0 0.03353515625 0.46169921875 0.04859375 0.0415234375
0 0.03451171875 0.34904296875 0.039765625 0.0247265625
0 0.152861328125 0.40824218749999996 0.27837890625 0.0989453125
0 0.1880859375 0.2150390625 0.239296875 0.096015625
0 0.47903320312500003 0.313525390625 0.20701171875 0.11587890625
0 0.530341796875 0.150888671875 0.18216796875 0.13822265625
0 0.5618457031249999 0.040888671875 0.18541015625 0.08177734375
0 0.34625 0.907626953125 0.1787890625 0.18236328125
0 0.40703124999999996 0.6835546874999999 0.1740234375 0.2586328125
0 0.541513671875 0.968291015625 0.07130859375 0.06341796875
0 0.58658203125 0.425107421875 0.0637109375 0.10513671875