0 0.06441406250000001 0.11863281249999999 0.0633203125 0.0840234375
0 0.188974609375 0.177841796875 0.10072265625 0.18236328125
0 0.016826171875 0.7901074218749999 0.03365234375 0.10919921875
1 0.363291015625 0.312734375 0.12333984375 0.12578125
0 0.54056640625 0.5586425781250001 0.0626171875 0.05091796875
0 0.35619140625 0.435869140625 0.0587890625 0.04431640625
1 0.474873046875 0.418330078125 0.16080078125 0.10072265625
1 0.8782031250000001 0.6720898437499999 0.16640625 0.14046875
0 0.8181835937499999 0.9464355468750001 0.04234375 0.04166015625
0 0.665400390625 0.9594042968750001 0.11595703125 0.08119140625
0 0.5902441406250001 0.810546875 0.08220703125 0.07171875
0 0.557119140625 0.638408203125 0.11166015625 0.09388671875
0 0.3686328125 0.854609375 0.1310546875 0.29078125
0 0.18224609375 0.944306640625 0.083984375 0.11138671875
0 0.120263671875 0.676455078125 0.07853515625 0.09509765625
0 0.145390625 0.776064453125 0.0752734375 0.10400390625
0 0.303359375 0.574091796875 0.0901171875 0.18564453125
0 0.129150390625 0.49728515624999997 0.25830078125 0.10390625
0 0.05123046875 0.03765625 0.1024609375 0.0753125
0 0.09951171875 0.31810546875 0.1990234375 0.0975390625