1 0.6482812499999999 0.630908203125 0.1221875 0.12900390625
0 0.54634765625 0.298994140625 0.0502734375 0.02916015625
0 0.128271484375 0.19171875000000002 0.06416015625 0.0516796875
0 0.11005859375 0.34658203125000003 0.2201171875 0.118984375
0 0.05162109375 0.540791015625 0.1032421875 0.08048828125
0 0.21837890625 0.485849609375 0.116875 0.07697265625
0 0.4619140625 0.462060546875 0.2246484375 0.11896484375
0 0.6914746093749999 0.461357421875 0.06228515625 0.05318359375
0 0.321484375 0.15056640625 0.048984375 0.0394921875
0 0.39423828125 0.15003906250000001 0.056015625 0.0371484375
0 0.20283203125 0.183935546875 0.06109375 0.04150390625
0 0.3726953125 0.30529296875 0.1903515625 0.082578125
0 0.504833984375 0.13314453125 0.06119140625 0.04578125
0 0.637470703125 0.298154296875 0.04943359375 0.02595703125
0 0.65408203125 0.536484375 0.030625 0.0306640625
0 0.16691406250000002 0.127841796875 0.036171875 0.03150390625
0 0.0537890625 0.20515624999999998 0.0437890625 0.04421875
0 0.5453515624999999 0.9732226562499999 0.0644921875 0.0535546875