0 0.52396484375 0.78181640625 0.0244140625 0.0265625
0 0.52056640625 0.4516015625 0.0384375 0.029765625
0 0.91052734375 0.491142578125 0.028359375 0.02271484375
0 0.8429492187500001 0.315498046875 0.0423828125 0.02189453125
0 0.6546093749999999 0.32072265624999996 0.033984375 0.02421875
0 0.526875 0.3653515625 0.025 0.0298828125
0 0.34068359375 0.486640625 0.037734375 0.024375
0 0.42728515624999996 0.4670703125 0.0403125 0.028828125
0 0.660595703125 0.4417578125 0.03728515625 0.024140625
0 0.219609375 0.607275390625 0.028515625 0.03146484375
0 0.2967578125 0.5701757812499999 0.027734375 0.0259765625
0 0.7818164062499999 0.411171875 0.0318359375 0.0333984375
0 0.8251757812499999 0.41908203125 0.0357421875 0.041796875
0 0.43906249999999997 0.545693359375 0.03984375 0.03869140625
0 0.10244140625 0.702734375 0.0314453125 0.03515625
0 0.059765625 0.635390625 0.0404296875 0.0400390625
0 0.8303906249999999 0.500517578125 0.0323046875 0.04787109375
0 0.6808398437500001 0.5179101562499999 0.0314453125 0.044921875
0 0.588115234375 0.543037109375 0.02150390625 0.03654296875
0 0.51748046875 0.540234375 0.0255859375 0.0234375
0 0.5724023437500001 0.6564257812500001 0.0208984375 0.031640625
0 0.629140625 0.6918749999999999 0.031640625 0.0298828125
0 0.6169921875 0.8310546875 0.044921875 0.038671875
0 0.6912499999999999 0.84958984375 0.030859375 0.039453125
0 0.19787109375 0.97814453125 0.0382421875 0.0437109375
0 0.07720703125 0.8432324218749999 0.07203125 0.05232421875
0 0.047119140625 0.9602343750000001 0.05177734375 0.0382421875
0 0.014423828125 0.7725097656250001 0.02884765625 0.03798828125
0 0.31496093750000004 0.84197265625 0.02875 0.0251953125
0 0.3123046875 0.8760546874999999 0.04453125 0.0328125
0 0.8345703124999999 0.78603515625 0.040625 0.0427734375
0 0.8600390625 0.66404296875 0.0328125 0.028828125
0 0.96107421875 0.64072265625 0.0309375 0.03515625
0 0.5304296875 0.71046875 0.020703125 0.036328125
0 0.686640625 0.68228515625 0.033984375 0.0244140625
0 0.30060546875 0.7662109375 0.034453125 0.03046875
0 0.9380078125 0.812734375 0.047578125 0.03328125