0 0.47616210937500003 0.22466796875 0.02623046875 0.0250390625
0 0.979140625 0.96603515625 0.0357421875 0.0583984375
0 0.926689453125 0.9141796875 0.05958984375 0.059609375
0 0.95470703125 0.711552734375 0.0155078125 0.03337890625
0 0.907626953125 0.725263671875 0.03814453125 0.02025390625
0 0.408818359375 0.015498046875 0.03931640625 0.03099609375
0 0.712158203125 0.430869140625 0.02623046875 0.02740234375
0 0.8653124999999999 0.650771484375 0.036953125 0.03814453125
0 0.839091796875 0.88259765625 0.07271484375 0.0679296875
0 0.8063183593750001 0.905244140625 0.04529296875 0.05603515625
0 0.7187109375 0.463642578125 0.0202734375 0.03099609375
0 0.6990429687499999 0.01072265625 0.02859375 0.0214453125
0 0.512509765625 0.038134765625 0.11798828125 0.07150390625
0 0.26876953125 0.046484375 0.07390625 0.07390625
0 0.11798828125 0.016689453125 0.056015625 0.03099609375
0 0.065546875 0.00953125 0.0488671875 0.0190625
0 0.879609375 0.9558886718749999 0.0488671875 0.04767578125
0 0.7234765625 0.312275390625 0.0298046875 0.03099609375
0 0.744931640625 0.3998828125 0.02740234375 0.06078125
0 0.46066406249999997 0.205009765625 0.0190625 0.03099609375
0 0.612041015625 0.10250000000000001 0.03337890625 0.0214453125
0 0.576279296875 0.09892578125000001 0.03099609375 0.0190625
0 0.58521484375 0.19546875 0.1323046875 0.078671875
0 0.732421875 0.184140625 0.07390625 0.04171875
0 0.9871875 0.134091796875 0.025625 0.09416015625
0 0.9895703124999999 0.309296875 0.020859375 0.04171875
0 0.304521484375 0.494638671875 0.15255859375 0.12158203125
0 0.249697265625 0.357568359375 0.03814453125 0.03099609375