0 0.432880859375 0.13912109374999998 0.12341796875 0.1272265625
0 0.77130859375 0.47944335937500004 0.0776171875 0.07759765625
0 0.84064453125 0.8369531250000001 0.058515625 0.057265625
1 0.23441406250000002 0.177919921875 0.1768359375 0.13357421875
1 0.7325 0.6155761718749999 0.1679296875 0.14123046875
0 0.8590820312499999 0.25362304687500004 0.04453125 0.04833984375
0 0.6498046875 0.17919921875 0.1806640625 0.13359375
0 0.7439453125000001 0.3611328125 0.1246875 0.1183203125
0 0.183515625 0.9247363281250001 0.0699609375 0.05978515625
0 0.09571289062499999 0.441279296875 0.05466796875 0.05470703125
0 0.22104492187500002 0.580595703125 0.06107421875 0.06615234375
0 0.343828125 0.685556640625 0.0776171875 0.07759765625
0 0.443056640625 0.786064453125 0.07505859375 0.07505859375