0 0.09403320312499999 0.221572265625 0.04583984375 0.05134765625
0 0.6370703125 0.853017578125 0.0964453125 0.11853515625
0 0.100205078125 0.033037109375 0.10861328125 0.06607421875
0 0.018291015625 0.1067578125 0.03658203125 0.100234375
0 0.53478515625 0.250615234375 0.100625 0.12216796875
0 0.48630859375 0.14109375 0.105546875 0.1191015625
0 0.43845703125 0.0481640625 0.09203125 0.096328125
1 0.108212890625 0.115888671875 0.08693359375 0.06732421875
0 0.30685546875 0.939951171875 0.106015625 0.12009765625
0 0.26158203125 0.84712890625 0.0773046875 0.09203125
0 0.223662109375 0.77423828125 0.08541015625 0.0876171875
0 0.1953125 0.709814453125 0.08171875 0.07951171875
0 0.16328125 0.639140625 0.078046875 0.086875
0 0.590322265625 0.741474609375 0.10603515625 0.12810546875
0 0.565205078125 0.49228515625 0.06486328125 0.361640625
0 0.09958984375 0.17162109374999998 0.049765625 0.034375
0 0.24256835937500001 0.594375 0.04662109375 0.0362109375
0 0.083388671875 0.5099316406250001 0.09951171875 0.09435546875
0 0.054013671875 0.35591796875 0.10802734375 0.2403125
0 0.685673828125 0.9484179687500001 0.09498046875 0.1031640625