1 0.12734375 0.491943359375 0.2546875 0.23267578125
0 0.26467773437500003 0.15208984375 0.15224609375 0.11359375
0 0.109326171875 0.06572265625 0.21865234375 0.1314453125
0 0.40728515625 0.033037109375 0.149296875 0.06607421875
0 0.653349609375 0.04849609375 0.12544921875 0.0969921875
0 0.495634765625 0.15353515625 0.06095703125 0.12546875
0 0.6847167968750001 0.15619140625 0.06802734375 0.1219140625
0 0.875986328125 0.10052734375 0.07244140625 0.065390625
0 0.87201171875 0.038691406250000004 0.076875 0.060078125
0 0.924296875 0.23172851562500002 0.15140625 0.08041015625
0 0.529619140625 0.86986328125 0.35443359375 0.2602734375