0 0.6630859375 0.439931640625 0.0570703125 0.03896484375
0 0.882353515625 0.15107421875000002 0.04455078125 0.0459375
0 0.812041015625 0.4448046875 0.08771484375 0.0431640625
0 0.864951171875 0.341787109375 0.02923828125 0.02923828125
0 0.494638671875 0.3299609375 0.04037109375 0.0417578125
0 0.134208984375 0.35495117187499997 0.26841796875 0.20060546875
0 0.33803710937500003 0.148916015625 0.10580078125 0.07810546875
0 0.155654296875 0.790966796875 0.15037109375 0.41806640625
0 0.59556640625 0.917431640625 0.2728515625 0.12806640625
0 0.602529296875 0.7615039062500001 0.27841796875 0.100234375
0 0.52875 0.5290234375 0.0333984375 0.0584765625