0 0.218564453125 0.493212890625 0.02982421875 0.03017578125
0 0.302431640625 0.6738378906250001 0.05705078125 0.05896484375
0 0.37427734375 0.7218554687500001 0.0405078125 0.0448046875
0 0.694189453125 0.772900390625 0.04294921875 0.03927734375
0 0.3477734375 0.30267578125 0.1196484375 0.129453125
0 0.977041015625 0.567548828125 0.04591796875 0.05767578125
0 0.09734375 0.04158203125 0.0601953125 0.0601953125
0 0.25943359375 0.7902636718749999 0.0286328125 0.02916015625
0 0.206767578125 0.765205078125 0.03169921875 0.03220703125
0 0.6150390625 0.8658203124999999 0.0687109375 0.0804296875
0 0.6991015625 0.012138671875 0.0479296875 0.02427734375
0 0.77841796875 0.195224609375 0.0328515625 0.03224609375
0 0.222724609375 0.681044921875 0.04048828125 0.04294921875
0 0.6432324218750001 0.330771484375 0.03267578125 0.03478515625
0 0.480185546875 0.36257812500000003 0.03494140625 0.04171875
0 0.666669921875 0.20255859375000002 0.02982421875 0.035859375
0 0.6444726562499999 0.14486328125 0.026640625 0.0283984375
0 0.311171875 0.03056640625 0.0436328125 0.038046875
0 0.6071484374999999 0.474951171875 0.03328125 0.03681640625
0 0.147880859375 0.45189453125 0.04908203125 0.0435546875
0 0.42642578124999997 0.05583984375 0.0527734375 0.0515234375
0 0.7417285156250001 0.25041015624999996 0.04705078125 0.044375
0 0.83484375 0.77068359375 0.0276171875 0.029140625
0 0.77544921875 0.657001953125 0.036640625 0.04259765625