0 0.047421875 0.8683203125000001 0.09484375 0.1337109375
0 0.14827148437499998 0.47779296875 0.18830078125 0.128515625
0 0.3022265625 0.563037109375 0.1628515625 0.11576171875
0 0.464951171875 0.600439453125 0.12595703125 0.07123046875
0 0.5814843749999999 0.601162109375 0.120859375 0.06759765625
0 0.698525390625 0.5922265624999999 0.12595703125 0.059921875
0 0.221435546875 0.8982714843749999 0.14630859375 0.13486328125
0 0.30349609375 0.9682226562499999 0.0966796875 0.0635546875
1 0.814306640625 0.66736328125 0.09541015625 0.1005078125
1 0.4905078125 0.798408203125 0.0916015625 0.07759765625
1 0.62537109375 0.886181640625 0.0890625 0.07251953125