0 0.9530078125 0.281298828125 0.093984375 0.09396484375
0 0.955908203125 0.492431640625 0.08818359375 0.08236328125
0 0.613662109375 0.407177734375 0.24130859375 0.11369140625
0 0.25693359375 0.36714843750000004 0.2378125 0.0730859375
0 0.423984375 0.379326171875 0.0846875 0.07423828125
0 0.035947265625 0.307978515625 0.07189453125 0.07771484375
0 0.9578125000000001 0.05947265625 0.084375 0.0985546875
0 0.65775390625 0.21111328125 0.345703125 0.129921875
1 0.867822265625 0.12381835937499999 0.09939453125 0.11044921875
0 0.24998046875000002 0.13337890625 0.3491796875 0.1345703125
0 0.5537109375 0.04591796875 0.380078125 0.0918359375