0 0.480732421875 0.023701171875 0.07720703125 0.04740234375
0 0.2571875 0.487958984375 0.1006640625 0.08505859375
0 0.32476562500000006 0.29259765625 0.1453125 0.1948828125
0 0.14662109375 0.31203125 0.1429296875 0.1686328125
0 0.421689453125 0.14921875 0.12349609375 0.1190625
0 0.241416015625 0.162587890625 0.14580078125 0.16134765625
0 0.33521484375 0.044111328125 0.130234375 0.08822265625
0 0.673828125 0.62064453125 0.032890625 0.035703125
0 0.6032421875 0.05140625 0.12296875 0.1028125
0 0.783359375 0.29060546875 0.1160546875 0.0985546875
0 0.91296875 0.23398437500000002 0.1740625 0.3067578125
0 0.9265234375 0.059140625 0.146953125 0.11828125
0 0.9244921875000001 0.1296484375 0.0565625 0.0530859375
0 0.42998046874999996 0.868017578125 0.1156640625 0.06076171875
0 0.34365234375 0.713466796875 0.2638671875 0.09962890625
0 0.50458984375 0.63623046875 0.1462890625 0.1998046875
0 0.61091796875 0.494765625 0.072890625 0.076796875