0 0.125888671875 0.174423828125 0.06869140625 0.11716796875
0 0.146240234375 0.08790039062499999 0.06615234375 0.06119140625
0 0.17677734374999998 0.039560546875 0.07125 0.06626953125
0 0.030498046875 0.25203125000000004 0.06099609375 0.05609375
0 0.527919921875 0.056162109375000005 0.13740234375 0.08396484375
0 0.583203125 0.176328125 0.14390625 0.0828125
0 0.54955078125 0.110166015625 0.0432421875 0.05228515625
1 0.154501953125 0.34879882812499996 0.10814453125 0.10943359375
0 0.75947265625 0.442861328125 0.094140625 0.11462890625
0 0.8103710937499999 0.35572265625 0.0916015625 0.12609375
0 0.86189453125 0.259658203125 0.1005078125 0.13244140625
0 0.9216894531250001 0.15279296874999998 0.10814453125 0.14515625
0 0.8580761718750001 0.02490234375 0.07759765625 0.0498046875
0 0.8078222656249999 0.1069921875 0.05087890625 0.068828125
1 0.608701171875 0.48237304687500004 0.18193359375 0.13740234375
0 0.242294921875 0.66048828125 0.11576171875 0.094140625
0 0.191552734375 0.93978515625 0.05521484375 0.0389453125
0 0.17904296874999998 0.970302734375 0.031640625 0.03681640625
0 0.8569042968749999 0.58513671875 0.05744140625 0.0530078125
0 0.9763867187499999 0.6138574218749999 0.0472265625 0.06626953125