0 0.8546875 0.23796875 0.064921875 0.0675
0 0.401376953125 0.044228515625 0.10013671875 0.08845703125
0 0.5849609375 0.214658203125 0.081640625 0.08541015625
0 0.474931640625 0.12078125 0.08689453125 0.08171875
0 0.81484375 0.158984375 0.09796875 0.0916015625
0 0.44971679687500005 0.015498046875 0.04669921875 0.03099609375
0 0.9004882812499999 0.18080078125 0.067734375 0.0633203125
0 0.80666015625 0.223125 0.0492578125 0.052265625
0 0.656416015625 0.188525390625 0.05669921875 0.04931640625
0 0.613369140625 0.280927734375 0.09279296875 0.09572265625
0 0.889375 0.434443359375 0.0287109375 0.02958984375
0 0.912392578125 0.5171875 0.07009765625 0.0690234375
0 0.803525390625 0.4501171875 0.07068359375 0.0812890625
0 0.97341796875 0.325478515625 0.0531640625 0.06380859375
0 0.9075585937499999 0.271484375 0.0650390625 0.0650390625
0 0.71244140625 0.365673828125 0.0650390625 0.07056640625
0 0.8618359375000001 0.49874999999999997 0.041171875 0.05375
0 0.65380859375 0.0233984375 0.0633984375 0.046796875