0 0.705791015625 0.34587890625 0.09197265625 0.0839453125
0 0.433837890625 0.11705078125000001 0.10080078125 0.1042578125
0 0.5619921875 0.059853515625 0.1590234375 0.11970703125
0 0.63001953125 0.18327148437500002 0.1095703125 0.10080078125
0 0.7806640625 0.038642578125 0.131640625 0.07728515625
0 0.715234375 0.11085937500000001 0.1123046875 0.1042578125
0 0.8031835937499999 0.234521484375 0.1360546875 0.12201171875
0 0.88314453125 0.130703125 0.136953125 0.099921875
0 0.589208984375 0.613583984375 0.08658203125 0.07333984375
0 0.651005859375 0.5592578125 0.12376953125 0.1130859375
0 0.7327246093750001 0.47310546875 0.11935546875 0.1157421875
0 0.24763671874999998 0.50041015625 0.1219140625 0.108671875
0 0.327998046875 0.431494140625 0.10611328125 0.09982421875
0 0.41987304687500004 0.61791015625 0.12908203125 0.1228125
0 0.133173828125 0.37886718750000004 0.10380859375 0.1075
0 0.43502929687499997 0.4364453125 0.07509765625 0.0618359375
0 0.089892578125 0.234326171875 0.04357421875 0.04048828125
0 0.2124609375 0.3097265625 0.1171875 0.108125
0 0.50916015625 0.916796875 0.1483984375 0.1355859375
0 0.953720703125 0.067529296875 0.09255859375 0.09728515625
0 0.953505859375 0.47240234375 0.09298828125 0.106015625
0 0.8866796874999999 0.38890625 0.1130859375 0.1157421875
0 0.6692480468750001 0.725791015625 0.11662109375 0.12369140625
0 0.313857421875 0.7098046875 0.12908203125 0.1298828125
0 0.232939453125 0.130341796875 0.08541015625 0.08033203125
0 0.286318359375 0.0821484375 0.04931640625 0.047109375
0 0.34853515625 0.037763671875 0.1016015625 0.07552734375
0 0.081865234375 0.062431640625 0.16373046875 0.12486328125
0 0.35475585937500004 0.185078125 0.11935546875 0.111328125
0 0.61607421875 0.418330078125 0.1989453125 0.19173828125