0 0.69423828125 0.7313574218750001 0.3626171875 0.12884765625
0 0.23530273437500002 0.71056640625 0.07669921875 0.1024609375
0 0.955 0.015341796875 0.079140625 0.03068359375
0 0.5941796874999999 0.0503125 0.12578125 0.100625
0 0.3040625 0.49134765625000004 0.06390625 0.0802734375
0 0.293720703125 0.35484375 0.09435546875 0.0690234375
0 0.154423828125 0.47408203125000004 0.13169921875 0.1384765625
0 0.57306640625 0.347333984375 0.0654296875 0.05982421875
0 0.411923828125 0.469716796875 0.14798828125 0.14947265625
0 0.6724121093750001 0.2521875 0.17376953125 0.184140625
0 0.42095703125 0.300283203125 0.168203125 0.13548828125
1 0.9215722656249999 0.96630859375 0.12087890625 0.0673828125
0 0.11734375 0.678203125 0.19578125 0.07921875
0 0.8989941406249999 0.4345703125 0.14099609375 0.480390625