0 0.9343652343750001 0.656669921875 0.13126953125 0.31451171875
0 0.537431640625 0.724609375 0.15876953125 0.203046875
0 0.8282617187500001 0.015361328125 0.0565234375 0.03072265625
0 0.10078125 0.781865234375 0.2015625 0.08244140625
0 0.0458203125 0.335283203125 0.091640625 0.05650390625
0 0.45576171875000004 0.255908203125 0.0351171875 0.10228515625
0 0.800029296875 0.52919921875 0.06107421875 0.090078125
0 0.7122460937499999 0.6688867187499999 0.0808984375 0.103828125
0 0.404609375 0.7192871093750001 0.0976953125 0.16494140625
0 0.29545898437499996 0.33224609375 0.13892578125 0.0687109375
0 0.487060546875 0.024521484375 0.03052734375 0.04904296875
0 0.7290429687500001 0.251328125 0.123671875 0.0687109375
0 0.561103515625 0.260498046875 0.13283203125 0.11755859375
0 0.03642578125 0.9480859374999999 0.0728515625 0.050859375
0 0.1259375 0.03083984375 0.03015625 0.040390625
0 0.288896484375 0.437060546875 0.08658203125 0.05919921875
0 0.551455078125 0.492294921875 0.12341796875 0.20611328125