0 0.5196484375 0.71365234375 0.10984375 0.35875
0 0.8167480468749999 0.80314453125 0.12193359375 0.238828125
0 0.37393554687499997 0.275029296875 0.05240234375 0.05552734375
0 0.955419921875 0.194951171875 0.04634765625 0.05240234375
0 0.91359375 0.2791015625 0.0533984375 0.0755859375
1 0.299150390625 0.88599609375 0.08505859375 0.0806640625
0 0.1373828125 0.1973828125 0.13234375 0.394765625
0 0.307744140625 0.77943359375 0.05529296875 0.081875
0 0.282197265625 0.71224609375 0.03779296875 0.032890625
1 0.208583984375 0.702509765625 0.06986328125 0.03916015625
1 0.119677734375 0.45296875 0.11197265625 0.110234375
1 0.493232421875 0.247392578125 0.12474609375 0.06681640625
1 0.3747265625 0.971181640625 0.085546875 0.05763671875
1 0.200390625 0.6471289062500001 0.081640625 0.0631640625
0 0.321103515625 0.082451171875 0.08533203125 0.16490234375
0 0.485673828125 0.098994140625 0.09751953125 0.19798828125
0 0.70857421875 0.072001953125 0.090546875 0.14400390625
0 0.51927734375 0.407919921875 0.095078125 0.24537109375
0 0.652421875 0.6499609375000001 0.073671875 0.2569921875