0 0.09984375 0.36546875 0.1996875 0.182421875
0 0.034169921875 0.48228515625 0.06833984375 0.0732421875
0 0.219208984375 0.318349609375 0.08943359375 0.10595703125
0 0.44655273437500004 0.099619140625 0.13705078125 0.10599609375
0 0.6885253906250001 0.2107421875 0.11837890625 0.1505078125
0 0.650625 0.073310546875 0.10671875 0.14662109375
0 0.50865234375 0.2053125 0.1486328125 0.1259765625
0 0.42047851562500005 0.2607421875 0.07306640625 0.0789453125
0 0.34447265625 0.302734375 0.1075 0.0991015625
0 0.768310546875 0.21012695312500002 0.03615234375 0.03556640625
0 0.8639550781249999 0.11136718749999999 0.15748046875 0.110859375