0 0.22845703125 0.492216796875 0.0703125 0.08142578125
0 0.25318359375 0.465166015625 0.06640625 0.05857421875
0 0.59607421875 0.26220703125 0.11078125 0.1019140625
0 0.17465820312500002 0.051943359375 0.07552734375 0.10388671875
0 0.01908203125 0.039052734375 0.0381640625 0.07810546875
0 0.522666015625 0.6368652343750001 0.06623046875 0.07216796875
0 0.263037109375 0.20021484375 0.27181640625 0.0564453125
0 0.041171875 0.201455078125 0.08234375 0.05646484375
0 0.030439453125 0.388564453125 0.06087890625 0.09939453125
0 0.67091796875 0.2164453125 0.0916015625 0.0908984375
0 0.280224609375 0.462177734375 0.07755859375 0.06728515625
0 0.036513671875 0.632275390625 0.07302734375 0.10490234375
0 0.550771484375 0.12998046875 0.08060546875 0.078125
0 0.23453125 0.932353515625 0.1716796875 0.13529296875
0 0.34090820312500003 0.86947265625 0.13939453125 0.135703125
0 0.443349609375 0.81892578125 0.15779296875 0.1606640625
0 0.722470703125 0.037470703125 0.12576171875 0.07494140625
1 0.832294921875 0.295263671875 0.12201171875 0.11396484375
1 0.513896484375 0.44791992187499996 0.09791015625 0.10529296875
1 0.555078125 0.500205078125 0.115625 0.12443359375
1 0.18994140625 0.653466796875 0.093515625 0.11189453125
1 0.241845703125 0.723291015625 0.10896484375 0.13349609375
0 0.517978515625 0.03798828125 0.03134765625 0.0313671875
0 0.8218261718750001 0.1154296875 0.07880859375 0.075625
0 0.77232421875 0.1519921875 0.075625 0.072421875
0 0.35228515625 0.051630859375 0.0724609375 0.10326171875
0 0.138623046875 0.9713867187499999 0.11548828125 0.0572265625
0 0.602431640625 0.09412109375 0.07810546875 0.0759765625