0 0.427900390625 0.42582031249999996 0.01412109375 0.0312890625
0 0.50806640625 0.36708984375000003 0.03234375 0.0205859375
0 0.5086035156250001 0.2596875 0.03482421875 0.0251953125
0 0.6891699218749999 0.274599609375 0.03302734375 0.03587890625
0 0.97236328125 0.50306640625 0.0248046875 0.035546875
0 0.9710937500000001 0.46065429687500004 0.0387109375 0.03658203125
0 0.5153515625 0.43382812499999995 0.043359375 0.03484375
0 0.897060546875 0.5305957031249999 0.01705078125 0.03373046875
0 0.8919140625 0.44982421875 0.0152734375 0.0348046875
0 0.7844921874999999 0.488857421875 0.029140625 0.03056640625
0 0.55935546875 0.39228515625000004 0.0609765625 0.0255859375
0 0.7724609375 0.25716796875000003 0.033984375 0.0252734375
0 0.77845703125 0.203759765625 0.0255859375 0.02271484375
0 0.5254687499999999 0.00962890625 0.0332421875 0.0192578125
0 0.387470703125 0.043496093750000006 0.03041015625 0.023828125
0 0.5825683593750001 0.30044921875 0.03267578125 0.0585546875
0 0.51271484375 0.51240234375 0.027734375 0.0226171875