1 0.6265234375 0.533544921875 0.0901171875 0.10177734375
0 0.16376953125 0.908623046875 0.037421875 0.04478515625
0 0.114375 0.880400390625 0.04171875 0.04478515625
0 0.816796875 0.87908203125 0.06890625 0.0715625
1 0.7277734375 0.565341796875 0.0826953125 0.09541015625
1 0.8486914062500001 0.0909765625 0.12546875 0.1272265625
0 0.091767578125 0.11314453125 0.18353515625 0.149453125
0 0.55755859375 0.0324609375 0.2091015625 0.064921875
0 0.44638671875 0.15878906250000002 0.116328125 0.1450390625
0 0.50234375 0.311201171875 0.078046875 0.06552734375
0 0.04078125 0.616337890625 0.0815625 0.20517578125
0 0.03025390625 0.819453125 0.0605078125 0.111328125
0 0.369521484375 0.832412109375 0.30322265625 0.28201171875
0 0.80845703125 0.462392578125 0.076328125 0.06998046875
0 0.850400390625 0.500517578125 0.06380859375 0.06263671875
0 0.687802734375 0.286513671875 0.11873046875 0.21310546875
0 0.5779199218750001 0.341201171875 0.10685546875 0.08947265625
0 0.41398437499999996 0.2843359375 0.1310546875 0.086875