0 0.509072265625 0.544111328125 0.03224609375 0.02818359375
0 0.312255859375 0.64869140625 0.02966796875 0.0286328125
0 0.37008789062499997 0.177841796875 0.03091796875 0.02916015625
0 0.523876953125 0.5675976562499999 0.04142578125 0.0240234375
0 0.5266894531249999 0.4842578125 0.05009765625 0.08640625
0 0.376884765625 0.5259277343750001 0.03068359375 0.04705078125
0 0.405 0.48757812500000003 0.023515625 0.0398828125
0 0.38404296875 0.48783203124999996 0.0276171875 0.0332421875
0 0.30537109375 0.4461328125 0.0183203125 0.0323828125
0 0.18826171874999997 0.6778808593750001 0.0577734375 0.02505859375
0 0.01140625 0.786875 0.0228125 0.0437890625
0 0.156552734375 0.738203125 0.02486328125 0.0216015625
0 0.124736328125 0.739111328125 0.02751953125 0.02216796875
0 0.0874609375 0.728896484375 0.026328125 0.02423828125
0 0.268232421875 0.651142578125 0.01685546875 0.02810546875
0 0.24931640625 0.650380859375 0.016875 0.02658203125
0 0.823896484375 0.61533203125 0.11654296875 0.111328125
0 0.92677734375 0.58560546875 0.057421875 0.051328125
0 0.6701171874999999 0.600625 0.0530078125 0.0583984375
0 0.69087890625 0.5321484375 0.0380078125 0.03984375
0 0.02759765625 0.666005859375 0.0551953125 0.04248046875
0 0.124111328125 0.66423828125 0.06361328125 0.046015625
0 0.44747070312500004 0.520673828125 0.05123046875 0.05220703125
0 0.9631640625 0.696923828125 0.073671875 0.07783203125
0 0.8671386718749999 0.837412109375 0.04064453125 0.04427734375
0 0.291083984375 0.567939453125 0.04240234375 0.03189453125