0 0.56203125 0.946650390625 0.107890625 0.08748046875
0 0.252470703125 0.120810546875 0.08806640625 0.04029296875
0 0.16819335937500002 0.45548828125 0.13158203125 0.1084765625
0 0.0541796875 0.51537109375 0.077578125 0.0758203125
0 0.383974609375 0.288798828125 0.17845703125 0.13822265625
0 0.49041015625 0.36228515625 0.0845703125 0.104375
0 0.544365234375 0.405439453125 0.06298828125 0.06005859375
0 0.397978515625 0.507529296875 0.06298828125 0.06935546875
0 0.451044921875 0.485625 0.07697265625 0.0758203125
0 0.6079296875 0.48796874999999995 0.0734765625 0.1271484375
0 0.596552734375 0.681875 0.12189453125 0.0565625
0 0.60693359375 0.61486328125 0.0627734375 0.0607421875