0 0.93662109375 0.520390625 0.0309375 0.028125
0 0.866962890625 0.661044921875 0.03294921875 0.05810546875
0 0.815244140625 0.6769921875 0.04552734375 0.051328125
0 0.757236328125 0.695849609375 0.03587890625 0.04455078125
0 0.441591796875 0.7620703125 0.03876953125 0.0397265625
0 0.733603515625 0.5556640625 0.03287109375 0.0213671875
0 0.722431640625 0.48751953124999997 0.03392578125 0.0397265625
0 0.6441796875 0.39711914062500003 0.0319140625 0.02716796875
0 0.639345703125 0.35168945312500005 0.03189453125 0.02521484375
0 0.612763671875 0.38455078125 0.02900390625 0.0291015625
0 0.5073828125000001 0.663466796875 0.044453125 0.02619140625
0 0.5295703125 0.741767578125 0.0271484375 0.03974609375
0 0.9235156250000001 0.82587890625 0.020390625 0.0339453125
0 0.9829687500000001 0.8394140625 0.0213671875 0.0551953125
0 0.87904296875 0.8945117187499999 0.028125 0.0262109375
0 0.852998046875 0.899345703125 0.02416015625 0.02232421875
0 0.9346875 0.758681640625 0.04640625 0.04263671875
0 0.812392578125 0.777060546875 0.02224609375 0.03103515625
0 0.760185546875 0.7925292968750001 0.02611328125 0.04263671875
0 0.6509472656249999 0.81185546875 0.03771484375 0.040703125
0 0.95638671875 0.43724609374999995 0.0319921875 0.0397265625
0 0.878076171875 0.546005859375 0.02619140625 0.03490234375
0 0.7026171875 0.35555664062500003 0.0503515625 0.03490234375
0 0.43917968749999997 0.6218945312499999 0.045546875 0.0262109375
0 0.546005859375 0.6069140624999999 0.03103515625 0.025234375
0 0.559052734375 0.666845703125 0.04166015625 0.01943359375
0 0.94435546875 0.564853515625 0.023203125 0.03587890625
0 0.66201171875 0.6470312500000001 0.025234375 0.020390625
0 0.983291015625 0.749580078125 0.03341796875 0.05708984375
0 0.83076171875 0.340576171875 0.05703125 0.03392578125
0 0.5856347656249999 0.5281250000000001 0.03103515625 0.0397265625
0 0.568720703125 0.828291015625 0.02814453125 0.02330078125
0 0.88591796875 0.97185546875 0.0281640625 0.0339453125
0 0.872275390625 0.7722265625 0.03392578125 0.0368359375
0 0.865556640625 0.38697265625 0.04736328125 0.0242578125
0 0.84912109375 0.4715625 0.0376953125 0.03296875