0 0.64779296875 0.9606640625 0.1001171875 0.0715234375
0 0.3885546875 0.752080078125 0.0298046875 0.03099609375
0 0.74076171875 0.6489843750000001 0.0262109375 0.0345703125
0 0.7181152343749999 0.6632812499999999 0.03576171875 0.036953125
0 0.505361328125 0.94755859375 0.09416015625 0.097734375
0 0.846240234375 0.9719921874999999 0.11083984375 0.056015625
0 0.54052734375 0.8468457031250001 0.0834375 0.08462890625
0 0.591181640625 0.7699609375 0.07509765625 0.0810546875
0 0.769365234375 0.8968945312500001 0.03099609375 0.0536328125
0 0.8808105468749999 0.7371875 0.02740234375 0.0488671875
0 0.809287109375 0.731220703125 0.10369140625 0.10130859375
0 0.6603125000000001 0.71095703125 0.065546875 0.0631640625
0 0.6978515624999999 0.6072656249999999 0.0762890625 0.075078125
0 0.72943359375 0.5744921875 0.04171875 0.0357421875
0 0.480927734375 0.74791015625 0.03099609375 0.027421875
0 0.49642578125000003 0.71095703125 0.0166796875 0.036953125
0 0.42609375 0.707392578125 0.0953515625 0.07271484375
0 0.5071484375 0.5738964843750001 0.0953515625 0.08462890625
0 0.919248046875 0.40225585937499997 0.16150390625 0.09892578125
0 0.8846875000000001 0.20619140625 0.230625 0.107265625
0 0.621572265625 0.020859375 0.14779296875 0.04171875
0 0.758046875 0.623359375 0.027421875 0.033359375
0 0.8164453125000001 0.668056640625 0.0536328125 0.06318359375
0 0.500595703125 0.979140625 0.05841796875 0.04171875
0 0.48271484375 0.34982421874999997 0.02265625 0.0345703125
0 0.51734375 0.166875 0.09640625 0.269375
0 0.59126953125 0.5059765625 0.0868359375 0.098984375
0 0.87775390625 0.918046875 0.0753515625 0.066171875
0 0.738974609375 0.81033203125 0.07271484375 0.0718359375
0 0.69189453125 0.884765625 0.0810546875 0.072265625
0 0.65662109375 0.241669921875 0.1015234375 0.25689453125
0 0.7604296875000001 0.08740234375 0.1323046875 0.0818359375