0 0.424150390625 0.6485546875 0.05326171875 0.0582421875
0 0.5638671875 0.9866113281250001 0.17546875 0.02677734375
0 0.3193359375 0.829658203125 0.070625 0.07607421875
0 0.214970703125 0.48400390625 0.04048828125 0.0426953125
0 0.090546875 0.028857421875 0.09203125 0.05771484375
0 0.040849609375 0.138662109375 0.06037109375 0.06634765625
0 0.022626953125 0.27596679687500003 0.04525390625 0.06560546875
0 0.034580078125000004 0.437255859375 0.05080078125 0.06111328125
0 0.47514648437499996 0.623125 0.03373046875 0.035859375
0 0.439814453125 0.5949121093749999 0.03478515625 0.03763671875
0 0.63654296875 0.8750292968750001 0.1442578125 0.10927734375
0 0.52521484375 0.83146484375 0.1030859375 0.083515625
0 0.71671875 0.279609375 0.065703125 0.16109375
0 0.691279296875 0.448466796875 0.14775390625 0.14009765625
0 0.73669921875 0.59681640625 0.096953125 0.054609375
1 0.8171484375 0.765732421875 0.0848046875 0.07951171875