0 0.314208984375 0.91005859375 0.06552734375 0.0640625
0 0.2442578125 0.8990234374999999 0.074375 0.0640625
0 0.17027343749999999 0.8945996093749999 0.0824609375 0.05669921875
0 0.5243457031250001 0.01330078125 0.05470703125 0.0266015625
0 0.693828125 0.223828125 0.051640625 0.0562890625
0 0.098115234375 0.9152148437500001 0.08392578125 0.0787890625
0 0.496220703125 0.0447265625 0.04447265625 0.03625
0 0.189638671875 0.02107421875 0.08037109375 0.0421484375
0 0.416015625 0.07984374999999999 0.057109375 0.0534375
0 0.2963671875 0.1547265625 0.06203125 0.0644140625
0 0.0630859375 0.24124023437499997 0.126171875 0.06564453125
0 0.6598339843750001 0.276259765625 0.05830078125 0.05470703125
0 0.0524609375 0.96294921875 0.07953125 0.0741015625
0 0.78431640625 0.054150390625 0.0798046875 0.07669921875
0 0.81005859375 0.31722656250000003 0.0575390625 0.055390625
0 0.8943164062500001 0.20723632812499998 0.0623828125 0.06748046875
2 0.85841796875 0.7598730468749999 0.10921875 0.16810546875
0 0.051591796875 0.371318359375 0.10318359375 0.06134765625