0 0.9520898437499999 0.2087109375 0.06203125 0.066328125
0 0.6825292968750001 0.281796875 0.06775390625 0.064765625
0 0.83591796875 0.206767578125 0.078828125 0.05376953125
0 0.850830078125 0.26986328125000003 0.06689453125 0.06390625
1 0.8517382812500001 0.37973632812499997 0.0773046875 0.07974609375
0 0.7925390625000001 0.542607421875 0.096328125 0.11724609375
0 0.72443359375 0.650888671875 0.113515625 0.13626953125
1 0.952255859375 0.36837890625 0.09548828125 0.0901953125
0 0.42169921875 0.07955078125000001 0.0478515625 0.0350390625
0 0.41830078125 0.1458203125 0.0436328125 0.0375
0 0.48701171875 0.109619140625 0.0644921875 0.07552734375
0 0.48213867187500004 0.03783203125 0.06564453125 0.0387109375
0 0.6339648437500001 0.066669921875 0.0687890625 0.05833984375
0 0.479736328125 0.38699218750000003 0.05244140625 0.0271875
0 0.832138671875 0.025224609375 0.07369140625 0.05044921875
1 0.699365234375 0.7680859375 0.10455078125 0.0825390625
1 0.6136328124999999 0.7230957031249999 0.102421875 0.10576171875
0 0.75755859375 0.929169921875 0.10859375 0.12701171875
0 0.542509765625 0.9444921875000001 0.11412109375 0.111015625
0 0.609384765625 0.847265625 0.09572265625 0.12640625
0 0.9287500000000001 0.6284960937499999 0.104921875 0.1270703125
0 0.867109375 0.73556640625 0.106796875 0.1276953125
0 0.980654296875 0.0286328125 0.03681640625 0.04484375
0 0.8063671874999999 0.09427734375 0.0479296875 0.0595703125
0 0.517421875 0.23051757812499998 0.046640625 0.06318359375
0 0.54638671875 0.288623046875 0.0511328125 0.05283203125
0 0.55619140625 0.352109375 0.075 0.0605078125
0 0.65392578125 0.17250000000000001 0.0607421875 0.0430078125
0 0.815302734375 0.153486328125 0.06810546875 0.03931640625