0 0.572548828125 0.6742285156250001 0.13283203125 0.18931640625
1 0.898681640625 0.21621093749999998 0.07626953125 0.076328125
0 0.267744140625 0.022353515625 0.23791015625 0.04470703125
0 0.54763671875 0.0369921875 0.2430078125 0.073984375
0 0.1647265625 0.176396484375 0.329453125 0.09033203125
0 0.38568359375 0.655146484375 0.2748046875 0.21525390625
0 0.487822265625 0.191787109375 0.14044921875 0.07021484375
0 0.61224609375 0.20248046875 0.123671875 0.07328125
0 0.726748046875 0.21392578125 0.11755859375 0.0808984375
0 0.761787109375 0.0963671875 0.08716796875 0.05953125
0 0.07138671875 0.30476562500000004 0.1427734375 0.0855078125
0 0.22293945312500002 0.3230859375 0.17556640625 0.079375
2 0.869423828125 0.7230078125 0.10177734375 0.1791796875
0 0.44278320312499997 0.34904296874999996 0.13892578125 0.07328125
0 0.5969726562500001 0.36505859375 0.1847265625 0.0839453125
0 0.791630859375 0.38796875000000003 0.22291015625 0.093125