0 0.28724609375 0.7198046875 0.0736328125 0.0633984375
0 0.6832128906249999 0.69248046875 0.07775390625 0.0698046875
0 0.726943359375 0.8806738281250001 0.03974609375 0.12986328125
0 0.34142578125 0.587109375 0.0383203125 0.03796875
0 0.28388671875 0.521494140625 0.072421875 0.06353515625
0 0.146669921875 0.570498046875 0.08439453125 0.06267578125
0 0.084697265625 0.585185546875 0.04388671875 0.04521484375
0 0.07220703125 0.64443359375 0.0421875 0.0447265625
0 0.055908203125 0.8961328125 0.05830078125 0.060078125
1 0.574228515625 0.45685546875 0.09080078125 0.087734375
1 0.32970703125 0.0587890625 0.1121875 0.109375
0 0.097841796875 0.383193359375 0.06806640625 0.06958984375
0 0.17607421874999998 0.8974609375 0.0971875 0.0786328125
0 0.276796875 0.9129199218749999 0.0759765625 0.06185546875
0 0.38370117187499997 0.8970214843750001 0.06361328125 0.05830078125
0 0.02861328125 0.33616210937499996 0.0572265625 0.05935546875
0 0.14744140625 0.24770507812499998 0.0608984375 0.05220703125
0 0.30185546875 0.226220703125 0.0966796875 0.05833984375
0 0.31489257812500004 0.28324218749999996 0.10333984375 0.043515625
0 0.299033203125 0.37990234375000004 0.07572265625 0.0455078125
0 0.4577734375 0.39060546874999996 0.061875 0.0486328125
0 0.47389648437500004 0.55396484375 0.08994140625 0.05015625
0 0.601923828125 0.8846484375 0.07951171875 0.0759765625
0 0.718544921875 0.465419921875 0.08482421875 0.05388671875
0 0.804697265625 0.48529296875 0.09099609375 0.0971875
0 0.778623046875 0.333779296875 0.11486328125 0.10689453125
0 0.5365429687500001 0.16193359375 0.111328125 0.1183984375
0 0.390048828125 0.6598046875 0.03173828125 0.0327734375
0 0.433759765625 0.7234570312499999 0.05271484375 0.05578125
0 0.7591894531250001 0.08904296875 0.10248046875 0.1069140625
0 0.7728808593750001 0.18137695312500002 0.08923828125 0.07951171875
0 0.378291015625 0.751611328125 0.04095703125 0.04755859375
1 0.491240234375 0.809091796875 0.10708984375 0.09861328125
0 0.14741210937500002 0.7191406250000001 0.08744140625 0.0675