0 0.149755859375 0.876923828125 0.29951171875 0.24615234375
0 0.529375 0.722587890625 0.066171875 0.08376953125
0 0.34470703125 0.550205078125 0.2474609375 0.14998046875
0 0.07478515625 0.477919921875 0.0733203125 0.06458984375
0 0.6399609375 0.550185546875 0.1166796875 0.18126953125
0 0.6535937500000001 0.805361328125 0.0670703125 0.06998046875
0 0.41345703125 0.442216796875 0.2562109375 0.19521484375
0 0.288095703125 0.7635156249999999 0.35716796875 0.2875
0 0.33857421875000004 0.20078125000000002 0.0626953125 0.0563671875
0 0.24606445312499997 0.28314453125 0.14255859375 0.119921875
0 0.083193359375 0.617275390625 0.16638671875 0.18185546875