0 0.648544921875 0.147998046875 0.01673828125 0.02935546875
0 0.6161132812500001 0.817041015625 0.0326171875 0.03388671875
0 0.6042578125 0.9103515625 0.0326171875 0.026328125
0 0.5525878906249999 0.804853515625 0.02009765625 0.02669921875
0 0.6655761718750001 0.5860937500000001 0.03361328125 0.0233203125
0 0.6736230468750001 0.11316406250000001 0.03677734375 0.0260546875
0 0.77841796875 0.368154296875 0.028828125 0.02845703125
0 0.922099609375 0.351630859375 0.01763671875 0.01705078125
0 0.7351953125 0.18907226562499999 0.023359375 0.02533203125
0 0.8095117187499999 0.2223046875 0.026640625 0.0194921875
0 0.7127929687500001 0.255185546875 0.0321484375 0.04095703125
0 0.68462890625 0.421669921875 0.02765625 0.02728515625
0 0.699267578125 0.20024414062499998 0.02662109375 0.02412109375
0 0.7450683593749999 0.5256738281250001 0.03177734375 0.02216796875
0 0.79775390625 0.287265625 0.04375 0.0368359375
0 0.597158203125 0.360654296875 0.01697265625 0.01900390625
0 0.989404296875 0.616318359375 0.01744140625 0.02271484375
0 0.90892578125 0.709111328125 0.0177734375 0.03392578125