1 0.697734375 0.09310546875 0.08125 0.0734765625
1 0.48470703125 0.13541992187500002 0.0675390625 0.07095703125
0 0.5207421875 0.05857421875 0.0457421875 0.041796875
0 0.15854492187500002 0.5182812499999999 0.03255859375 0.0296484375
0 0.809248046875 0.760927734375 0.07056640625 0.05021484375
0 0.10478515625 0.06396484375 0.2095703125 0.1279296875
1 0.266103515625 0.17862304687500002 0.05005859375 0.05490234375
0 0.9060546875000001 0.70990234375 0.092734375 0.0624609375
0 0.784755859375 0.903232421875 0.06005859375 0.04787109375
0 0.885556640625 0.037783203125 0.08650390625 0.07556640625
0 0.3976171875 0.5233789062499999 0.141484375 0.1451171875
0 0.9573046875 0.430263671875 0.085390625 0.14029296875
0 0.7059863281250001 0.5554296875 0.16083984375 0.141484375
0 0.755576171875 0.3558984375 0.11490234375 0.1124609375
0 0.68845703125 0.2023046875 0.0919140625 0.0834375
0 0.5590625 0.319013671875 0.1426953125 0.12818359375
0 0.25249023437499996 0.360146484375 0.16083984375 0.16443359375
1 0.6191308593749999 0.658828125 0.05822265625 0.05421875