0 0.49509765624999996 0.363984375 0.0312890625 0.055
0 0.48669921875 0.510927734375 0.087578125 0.14943359375
0 0.31212890625 0.882568359375 0.058046875 0.08134765625
0 0.016376953125 0.89228515625 0.03275390625 0.04921875
0 0.025761718750000002 0.766220703125 0.022265625 0.01658203125
0 0.57564453125 0.9420996093749999 0.1555859375 0.11580078125
0 0.00689453125 0.704619140625 0.0137890625 0.02150390625
0 0.016708984375 0.7482714843749999 0.02267578125 0.01623046875
0 0.119873046875 0.5220703125 0.02970703125 0.04859375
0 0.029658203124999998 0.9704199218749999 0.05458984375 0.04619140625
1 0.6145410156250001 0.710185546875 0.08099609375 0.09056640625
0 0.0117578125 0.72841796875 0.02328125 0.023984375
0 0.566416015625 0.8233300781249999 0.10513671875 0.12900390625
0 0.45905273437500005 0.96201171875 0.10955078125 0.0759765625
0 0.37142578125 0.5028613281250001 0.1272265625 0.15775390625
0 0.086337890625 0.5401171875 0.01935546875 0.031640625
0 0.15339843749999998 0.021875 0.06609375 0.04375
0 0.20732421875 0.180791015625 0.0539453125 0.05248046875
0 0.348515625 0.276513671875 0.041796875 0.06810546875
0 0.333271484375 0.21839843750000001 0.02626953125 0.015
0 0.325185546875 0.18406250000000002 0.03072265625 0.020859375
0 0.31979492187499997 0.15617187500000002 0.03166015625 0.035859375
0 0.31428710937500004 0.112578125 0.03423828125 0.030234375
0 0.269052734375 0.052109375 0.05767578125 0.043359375
0 0.170625 0.12605468749999998 0.05578125 0.0309375
0 0.25594726562500003 0.093720703125 0.01892578125 0.01826171875
0 0.31568359375 0.26034179687500003 0.026328125 0.01705078125
0 0.054755859375 0.045322265625 0.06744140625 0.04181640625
0 0.050927734375 0.0901953125 0.04357421875 0.0310546875
0 0.01419921875 0.14345703125 0.0283984375 0.0263671875
0 0.11238281250000001 0.23463867187499998 0.0373046875 0.02876953125
0 0.154912109375 0.20345703125 0.02837890625 0.02875
0 0.419765625 0.745166015625 0.093515625 0.08259765625
0 0.85572265625 0.8077832031250001 0.03078125 0.03701171875
0 0.842646484375 0.575185546875 0.09103515625 0.19740234375
0 0.19075195312499998 0.06150390625 0.02716796875 0.03078125
0 0.730390625 0.121279296875 0.0925390625 0.19408203125
0 0.426123046875 0.18634765625 0.10654296875 0.2146484375