0 0.510068359375 0.604755859375 0.11337890625 0.12248046875
0 0.42541015625 0.8853125 0.081171875 0.086015625
0 0.218544921875 0.48053710937500005 0.13654296875 0.10357421875
0 0.36453125 0.357646484375 0.0588671875 0.07068359375
1 0.53384765625 0.85595703125 0.1059765625 0.1049609375
0 0.7101171875000001 0.8106152343749999 0.0782421875 0.08068359375
0 0.7849609375000001 0.913408203125 0.07046875 0.07630859375
0 0.882158203125 0.8412402343750001 0.07142578125 0.07677734375
0 0.3826953125 0.5136230468749999 0.051328125 0.09740234375
0 0.810078125 0.745 0.077265625 0.0826171875
0 0.743232421875 0.644404296875 0.06419921875 0.06998046875
0 0.643388671875 0.71779296875 0.07435546875 0.081640625
1 0.43255859375 0.228671875 0.1300390625 0.1446484375
0 0.33236328125000003 0.563134765625 0.1160546875 0.05248046875
0 0.7340234375 0.487041015625 0.117109375 0.12830078125
0 0.521865234375 0.44961914062499997 0.06224609375 0.06900390625
0 0.33061523437499996 0.5342773437499999 0.05423828125 0.0320703125
0 0.356884765625 0.785927734375 0.04033203125 0.03595703125
0 0.071376953125 0.7651171875 0.05400390625 0.0543359375
0 0.23429687500000002 0.2698828125 0.200234375 0.1945703125
0 0.953837890625 0.943056640625 0.07095703125 0.07630859375
0 0.8694335937500001 0.0478125 0.200859375 0.095625
0 0.62970703125 0.09400390625 0.196015625 0.1880078125
0 0.505849609375 0.9755859375 0.05443359375 0.048828125
0 0.242294921875 0.751171875 0.07615234375 0.096796875