1 0.452119140625 0.044921875 0.11556640625 0.08984375
0 0.36626953125 0.741640625 0.0558984375 0.0601953125
0 0.38068359375 0.80302734375 0.0601953125 0.055234375
0 0.302802734375 0.929541015625 0.12701171875 0.07486328125
0 0.269873046875 0.7676171875 0.11248046875 0.15390625
0 0.0959765625 0.9372070312499999 0.0802734375 0.1255859375
0 0.03201171875 0.8330078125 0.0640234375 0.1308984375
0 0.59826171875 0.20051757812499998 0.0767578125 0.06134765625
0 0.44924804687500003 0.3877734375 0.06185546875 0.12296875
0 0.2351171875 0.48677734375 0.165546875 0.224765625
0 0.212353515625 0.17291015625 0.08810546875 0.0933984375
0 0.23064453124999998 0.03078125 0.09328125 0.0615625
0 0.0355859375 0.101005859375 0.071171875 0.20201171875
0 0.35767578125 0.6882617187500001 0.057109375 0.0601953125