0 0.447880859375 0.298662109375 0.43224609375 0.06572265625
0 0.9315722656250001 0.151240234375 0.13685546875 0.06283203125
0 0.7853222656250001 0.10385742187500001 0.17498046875 0.06283203125
0 0.5073828125 0.021240234375 0.1720703125 0.04248046875
0 0.31251953125 0.048310546875 0.0687109375 0.09662109375
0 0.13755859375 0.05265625 0.0706640625 0.1053125
0 0.10613281249999999 0.215517578125 0.0755078125 0.22814453125
0 0.21687499999999998 0.35763671875 0.064765625 0.0657421875
0 0.51615234375 0.976416015625 0.145078125 0.04716796875
1 0.488623046875 0.523916015625 0.07830078125 0.11408203125
0 0.716787109375 0.7960546875 0.48626953125 0.0763671875
0 0.399775390625 0.96505859375 0.08794921875 0.069140625
0 0.644189453125 0.208974609375 0.02052734375 0.02470703125
0 0.588759765625 0.21041992187500003 0.04802734375 0.02517578125
0 0.5977734375 0.64185546875 0.113125 0.1353515625
0 0.76544921875 0.61720703125 0.224375 0.0686328125
0 0.88248046875 0.35328125 0.2339453125 0.06671875