0 0.5781933593749999 0.329619140625 0.12951171875 0.15115234375
0 0.23048828124999998 0.071357421875 0.12265625 0.14271484375
1 0.796220703125 0.0288671875 0.09130859375 0.057734375
0 0.058203125 0.203896484375 0.11640625 0.11150390625
0 0.097880859375 0.08806640625 0.19576171875 0.1761328125
2 0.310068359375 0.24452148437500001 0.21693359375 0.18560546875
0 0.242666015625 0.62341796875 0.21716796875 0.2491796875
0 0.075400390625 0.87330078125 0.15080078125 0.0723828125
0 0.28642578125 0.9665039062499999 0.0736328125 0.0669921875
1 0.426767578125 0.5771875 0.08189453125 0.070546875
0 0.250888671875 0.93125 0.03748046875 0.041796875
0 0.33804687499999997 0.73626953125 0.2035546875 0.2469921875
0 0.91736328125 0.042763671875 0.0616015625 0.07138671875
0 0.6381152343750001 0.523056640625 0.28419921875 0.25892578125
0 0.95689453125 0.42814453125 0.0862109375 0.2469140625
0 0.7963281249999999 0.194794921875 0.101875 0.23994140625
0 0.525595703125 0.11541015625 0.24689453125 0.2308203125
0 0.455751953125 0.43216796874999996 0.13908203125 0.1499609375
0 0.533046875 0.90720703125 0.180390625 0.1855859375
0 0.43076171874999997 0.8385546875000001 0.1975390625 0.2540625