0 0.478701171875 0.0987890625 0.10013671875 0.088359375
0 0.081123046875 0.786298828125 0.16224609375 0.26400390625
0 0.15590820312499998 0.0381640625 0.08283203125 0.076328125
0 0.122783203125 0.102998046875 0.07791015625 0.10251953125
0 0.29212890625 0.655888671875 0.1622265625 0.12615234375
0 0.420947265625 0.711552734375 0.15267578125 0.12087890625
0 0.5803027343749999 0.449619140625 0.06626953125 0.06994140625
0 0.552099609375 0.5182519531249999 0.08478515625 0.10826171875
0 0.265703125 0.110048828125 0.1062109375 0.14119140625
0 0.2071484375 0.08492187500000001 0.09203125 0.0773046875
1 0.609521484375 0.267431640625 0.08041015625 0.08216796875
0 0.91865234375 0.426865234375 0.0509765625 0.05767578125
0 0.76533203125 0.675810546875 0.041171875 0.05099609375
0 0.9109472656250001 0.9155859375 0.06318359375 0.0552734375
0 0.80345703125 0.9215625 0.0484765625 0.053984375
0 0.80177734375 0.866005859375 0.0530078125 0.03888671875
0 0.856552734375 0.7445214843750001 0.07419921875 0.08216796875
0 0.94181640625 0.65529296875 0.0715625 0.085703125
0 0.879521484375 0.552802734375 0.07951171875 0.08392578125
0 0.676201171875 0.7555078125 0.06810546875 0.1196875
0 0.6117187500000001 0.884755859375 0.071171875 0.12638671875
1 0.51150390625 0.204443359375 0.0722265625 0.07142578125
0 0.61634765625 0.155810546875 0.09359375 0.08326171875
0 0.5581835937499999 0.0987890625 0.099453125 0.128125
0 0.0459765625 0.544677734375 0.091953125 0.11662109375