0 0.65521484375 0.859638671875 0.116171875 0.10498046875
0 0.072451171875 0.824296875 0.10287109375 0.1056640625
0 0.595361328125 0.060966796875 0.09185546875 0.04568359375
0 0.37223632812499996 0.227197265625 0.11833984375 0.10357421875
0 0.35789062499999996 0.321669921875 0.0896484375 0.08818359375
0 0.30998046875 0.2705859375 0.08046875 0.0741796875
0 0.478603515625 0.31537109375000005 0.10294921875 0.085390625
0 0.41037109374999997 0.359111328125 0.100859375 0.08326171875
0 0.224912109375 0.39794921875 0.05185546875 0.0433984375
0 0.731845703125 0.78580078125 0.11548828125 0.1098828125
0 0.51244140625 0.8347949218749999 0.114765625 0.09869140625
0 0.719951171875 0.9422167968749999 0.10146484375 0.10216796875
0 0.6502148437499999 0.27083984375000003 0.081640625 0.09796875
0 0.048505859375 0.707392578125 0.09701171875 0.12677734375
0 0.385849609375 0.9595605468749999 0.11056640625 0.08087890625
0 0.121923828125 0.788193359375 0.10408203125 0.08748046875