0 0.603642578125 0.90814453125 0.03029296875 0.0192578125
0 0.95982421875 0.97154296875 0.0803515625 0.0544140625
0 0.6979296875000001 0.8929296874999999 0.10078125 0.0665234375
0 0.265546875 0.908173828125 0.0686328125 0.18365234375
0 0.8747949218750001 0.8007226562499999 0.20255859375 0.0715625
0 0.7371875 0.644560546875 0.2076953125 0.06138671875
0 0.94470703125 0.66013671875 0.1105859375 0.068515625
0 0.7185839843749999 0.5009082031250001 0.08162109375 0.07861328125
0 0.877265625 0.497890625 0.231875 0.068515625
0 0.43082031249999997 0.636953125 0.304453125 0.26
0 0.602373046875 0.8871972656249999 0.02736328125 0.01916015625
3 0.589248046875 0.32569335937500005 0.03693359375 0.03693359375
0 0.63904296875 0.42240234374999996 0.0306640625 0.0175
0 0.5825390625 0.8213671874999999 0.028828125 0.020859375
0 0.167685546875 0.827900390625 0.03150390625 0.03095703125
0 0.1357421875 0.88697265625 0.0380078125 0.0208203125
0 0.446484375 0.920263671875 0.0755859375 0.15947265625
0 0.82087890625 0.952392578125 0.1632421875 0.07458984375