0 0.86158203125 0.1408203125 0.0800390625 0.04640625
0 0.82271484375 0.884794921875 0.2737890625 0.23041015625
0 0.51876953125 0.817138671875 0.099765625 0.12529296875
0 0.7710937499999999 0.7707421875 0.11484375 0.0928125
0 0.8955078125 0.37483398437500004 0.208984375 0.30076171875
0 0.282685546875 0.49115234375 0.25173828125 0.315546875
0 0.8824609375 0.692431640625 0.0730859375 0.05916015625
1 0.7864453124999999 0.589345703125 0.0976953125 0.07939453125
0 0.051376953125 0.959853515625 0.08236328125 0.08029296875
0 0.151015625 0.136171875 0.146171875 0.1044140625
0 0.26296875000000003 0.098466796875 0.1101953125 0.16822265625
0 0.565166015625 0.9630957031249999 0.11369140625 0.07380859375
0 0.946162109375 0.8061328125 0.10767578125 0.154296875