1 0.30568359375 0.15689453125 0.09453125 0.0901171875
0 0.45311523437499995 0.071484375 0.05583984375 0.0484765625
0 0.168115234375 0.0337890625 0.14666015625 0.067578125
0 0.614169921875 0.051337890625 0.14724609375 0.08841796875
1 0.73927734375 0.29714843750000003 0.080390625 0.087734375
0 0.6605664062500001 0.388916015625 0.256953125 0.08474609375
0 0.923037109375 0.32416015625 0.08833984375 0.2510546875
0 0.402275390625 0.293974609375 0.08908203125 0.24369140625
0 0.194501953125 0.302666015625 0.10822265625 0.17154296875
1 0.5718359375000001 0.170888671875 0.0895703125 0.08037109375
1 0.83349609375 0.157255859375 0.0908203125 0.07669921875
1 0.570546875 0.291015625 0.09265625 0.0693359375
1 0.738046875 0.16953125000000002 0.079140625 0.066875
1 0.828857421875 0.30912109375 0.06689453125 0.09203125