0 0.861962890625 0.07611328125 0.12009765625 0.1185546875
0 0.28751953124999996 0.33861328125 0.3478515625 0.3404296875
2 0.10830078125 0.23291015625 0.1484765625 0.154609375
0 0.7274707031250001 0.29427734375000003 0.12103515625 0.1228125
0 0.85205078125 0.39849609375 0.108671875 0.09640625
0 0.543564453125 0.9536816406249999 0.10087890625 0.09263671875
0 0.29021484375 0.7879296875 0.0912890625 0.1207421875
0 0.2978515625 0.927607421875 0.120859375 0.14478515625
1 0.121328125 0.6802148437500001 0.15796875 0.1061328125
0 0.7953320312500001 0.18507812499999998 0.1193359375 0.121484375
1 0.54658203125 0.625361328125 0.0979296875 0.09423828125