0 0.739501953125 0.6079296875 0.03326171875 0.0275390625
0 0.4425 0.19189453125 0.0283984375 0.0202734375
0 0.508984375 0.496298828125 0.039140625 0.03845703125
0 0.6184375 0.532978515625 0.028828125 0.03166015625
0 0.55884765625 0.69880859375 0.0296875 0.0248046875
0 0.618515625 0.709453125 0.0271484375 0.026171875
0 0.8649414062499999 0.886494140625 0.046171875 0.05669921875
0 0.91150390625 0.982529296875 0.031640625 0.03494140625
0 0.943115234375 0.906943359375 0.03240234375 0.03927734375
0 0.904208984375 0.8251367187499999 0.03486328125 0.0279296875
0 0.47201171875000003 0.6996289062500001 0.035234375 0.0384765625