0 0.549921875 0.131123046875 0.038671875 0.04158203125
1 0.436669921875 0.93271484375 0.16005859375 0.1345703125
0 0.23959960937500002 0.750322265625 0.14888671875 0.14501953125
0 0.196572265625 0.35396484375 0.10150390625 0.2378125
0 0.20768554687500002 0.158193359375 0.05607421875 0.05509765625
0 0.57263671875 0.084716796875 0.049296875 0.03576171875
0 0.556201171875 0.027685546875 0.04349609375 0.04736328125
0 0.529150390625 0.81755859375 0.12810546875 0.121640625
0 0.593310546875 0.7945117187499999 0.10849609375 0.096796875
0 0.173857421875 0.929296875 0.12955078125 0.14140625
0 0.7553515625 0.06201171875 0.0473828125 0.0309375
0 0.296396484375 0.551171875 0.11748046875 0.136953125
0 0.0371875 0.04283203125 0.074375 0.0856640625
0 0.015302734375 0.483447265625 0.03060546875 0.13119140625
0 0.6192871093750001 0.914560546875 0.04240234375 0.04111328125
0 0.0555078125 0.8252441406250001 0.111015625 0.10537109375
0 0.1496875 0.616435546875 0.152734375 0.14017578125