0 0.221552734375 0.17514648437500002 0.10439453125 0.09744140625
0 0.229677734375 0.6217871093749999 0.12759765625 0.13458984375
0 0.29060546875000004 0.7381347656249999 0.069296875 0.08458984375
0 0.083125 0.7961328125 0.07984375 0.0571875
0 0.041669921875 0.8154687500000001 0.04994140625 0.0523828125
0 0.292216796875 0.830732421875 0.06927734375 0.02990234375
0 0.9707714843749999 0.125615234375 0.05845703125 0.15564453125
1 0.89220703125 0.43582031250000003 0.13921875 0.11484375
0 0.06205078125 0.6896484375 0.1241015625 0.16125
0 0.144990234375 0.33234375 0.14849609375 0.107890625
0 0.25693359375 0.02724609375 0.107890625 0.0544921875