1 0.211806640625 0.9128710937500001 0.08248046875 0.072890625
0 0.09621093750000001 0.096953125 0.0493359375 0.0434375
0 0.51109375 0.061972656249999994 0.062578125 0.0527734375
0 0.7509374999999999 0.038115234375 0.0687109375 0.05767578125
0 0.784375 0.118154296875 0.0570703125 0.03982421875
0 0.71380859375 0.160205078125 0.0607421875 0.05154296875
0 0.63037109375 0.186552734375 0.054609375 0.06251953125
0 0.534658203125 0.24177734374999998 0.06564453125 0.07125
0 0.23249023437500002 0.652861328125 0.05521484375 0.05392578125
0 0.13953125 0.947978515625 0.0521484375 0.04302734375
0 0.455205078125 0.7455078125 0.04048828125 0.0380859375
0 0.41470703125 0.79125 0.0441796875 0.0435546875
0 0.600615234375 0.6558984375 0.04294921875 0.0441796875
0 0.6944921875 0.640615234375 0.05890625 0.06134765625
0 0.8058496093749999 0.416611328125 0.07423828125 0.07240234375
1 0.860751953125 0.11828125 0.08650390625 0.0874609375
0 0.95310546875 0.14974609375 0.054609375 0.0552734375
3 0.66357421875 0.926904296875 0.0434375 0.04279296875
0 0.8011035156249999 0.8596484375000001 0.06236328125 0.04140625
1 0.113466796875 0.693466796875 0.14810546875 0.13435546875