0 0.222294921875 0.9609765625 0.03072265625 0.041328125
0 0.24287109375 0.21188476562499997 0.13546875 0.13474609375
0 0.19686523437499998 0.07084960937500001 0.14798828125 0.11638671875
0 0.1537890625 0.0203515625 0.086875 0.040703125
0 0.277119140625 0.49350585937499997 0.06111328125 0.07583984375
1 0.47185546875 0.348095703125 0.13546875 0.09423828125
1 0.3551171875 0.35765625 0.11125 0.106015625
0 0.449404296875 0.49092773437500004 0.14357421875 0.18259765625
0 0.543642578125 0.638173828125 0.08466796875 0.11927734375
0 0.605849609375 0.7751171875 0.10013671875 0.1207421875
0 0.63052734375 0.91169921875 0.09203125 0.0876171875
0 0.55947265625 0.9536621093750001 0.0544921875 0.08466796875
0 0.944091796875 0.936669921875 0.05080078125 0.12666015625
0 0.9271582031250001 0.816279296875 0.06701171875 0.13767578125
0 0.90912109375 0.677861328125 0.0824609375 0.14064453125
0 0.93673828125 0.579208984375 0.0390234375 0.05080078125
0 0.888515625 0.551962890625 0.0971875 0.12736328125
0 0.76408203125 0.029150390625 0.0530078125 0.05830078125
0 0.6297070312499999 0.036142578125 0.0669921875 0.07228515625