0 0.7489355468750001 0.9630859374999999 0.06095703125 0.073828125
0 0.697216796875 0.870517578125 0.05310546875 0.04771484375
0 0.6711914062500001 0.8006640625 0.0468359375 0.0425
0 0.69443359375 0.722255859375 0.0503515625 0.05654296875
0 0.6548046875 0.6487499999999999 0.09375 0.040625
0 0.648662109375 0.544892578125 0.04416015625 0.06103515625
0 0.6137207031249999 0.466259765625 0.04869140625 0.05044921875
0 0.601787109375 0.298837890625 0.04779296875 0.06017578125
0 0.584560546875 0.2228515625 0.05044921875 0.0442578125
0 0.941259765625 0.6862109375000001 0.08712890625 0.1503125
0 0.846962890625 0.47970703125 0.15798828125 0.1620703125
0 0.8585742187500001 0.277177734375 0.08640625 0.14724609375
0 0.794658203125 0.088994140625 0.09560546875 0.17798828125