0 0.953984375 0.7786621093749999 0.09203125 0.15876953125
0 0.388330078125 0.320166015625 0.09771484375 0.09771484375
0 0.894990234375 0.09001953125 0.05767578125 0.0398828125
0 0.9640136718750001 0.116396484375 0.05337890625 0.03498046875
0 0.773486328125 0.056572265625 0.06017578125 0.05521484375
0 0.23076171875 0.499521484375 0.1183984375 0.10955078125
0 0.292607421875 0.43061523437500004 0.11130859375 0.10955078125
0 0.7153125 0.802021484375 0.12671875 0.11314453125
0 0.344990234375 0.369736328125 0.09365234375 0.08126953125
0 0.57701171875 0.3557421875 0.22265625 0.21734375
0 0.70794921875 0.4495703125 0.215234375 0.195078125
0 0.754072265625 0.543876953125 0.09330078125 0.08279296875
0 0.859033203125 0.5242578125 0.18236328125 0.153828125
0 0.53232421875 0.66796875 0.1589453125 0.1450390625
0 0.30560546875 0.064140625 0.1665625 0.12828125
0 0.42705078125 0.1664453125 0.18625 0.18015625
0 0.07994140625 0.1298046875 0.1598828125 0.18015625
0 0.120947265625 0.6496484375 0.17556640625 0.1786328125
0 0.401103515625 0.787822265625 0.45189453125 0.37251953125