0 0.529365234375 0.46638671875 0.08806640625 0.0565625
0 0.066796875 0.08845703125 0.0638671875 0.066328125
0 0.162509765625 0.24248046875 0.06017578125 0.0527734375
0 0.168056640625 0.416728515625 0.06013671875 0.06134765625
0 0.13093749999999998 0.5771484375 0.0644140625 0.0730859375
0 0.187333984375 0.513369140625 0.04837890625 0.04724609375
0 0.29690429687500003 0.666455078125 0.06626953125 0.06994140625
0 0.10609375 0.900517578125 0.0441796875 0.05337890625
0 0.251201171875 0.93580078125 0.08037109375 0.0650390625
0 0.587373046875 0.896181640625 0.05076171875 0.05291015625
0 0.5383007812499999 0.773642578125 0.039375 0.03833984375
0 0.487236328125 0.664384765625 0.05103515625 0.05248046875
0 0.3624609375 0.526513671875 0.0559765625 0.06357421875
0 0.27260742187500003 0.30564453124999996 0.04478515625 0.0441015625
0 0.525908203125 0.219521484375 0.06849609375 0.05115234375
0 0.6284765625 0.293359375 0.0608984375 0.061640625
0 0.965927734375 0.113505859375 0.06814453125 0.09244140625
0 0.9269628906249999 0.02212890625 0.07138671875 0.0442578125
0 0.88216796875 0.331884765625 0.1021875 0.05599609375
0 0.8363281250000001 0.46237304687499997 0.101484375 0.09021484375
0 0.9476074218749999 0.52609375 0.07068359375 0.066484375
0 0.9360546875000001 0.80427734375 0.0755859375 0.0727734375
0 0.9693066406249999 0.952646484375 0.04548828125 0.04619140625
0 0.926796875 0.621044921875 0.054296875 0.03732421875
0 0.533759765625 0.55513671875 0.06466796875 0.0622265625
0 0.626982421875 0.4955078125 0.08650390625 0.0521484375
0 0.6493945312499999 0.42421875 0.0769921875 0.06765625
0 0.5368359374999999 0.338779296875 0.05015625 0.04490234375