0 0.40875 0.420966796875 0.04984375 0.04935546875
0 0.9 0.17455078124999998 0.0927734375 0.0942578125
0 0.95005859375 0.23529296875 0.0839453125 0.0861328125
0 0.6440625 0.9367578125 0.14578125 0.126484375
0 0.39447265625 0.2087109375 0.091875 0.0840234375
0 0.768193359375 0.298173828125 0.13076171875 0.13251953125
0 0.8971875 0.436708984375 0.0901171875 0.08658203125
0 0.551416015625 0.163740234375 0.11412109375 0.09822265625
0 0.78720703125 0.043984375 0.18625 0.08796875
0 0.611181640625 0.04482421875 0.22443359375 0.0896484375
0 0.45162109375 0.0470703125 0.1801953125 0.094140625
0 0.83888671875 0.375302734375 0.1025 0.10689453125
0 0.23514648437500002 0.8763574218750001 0.15462890625 0.16787109375
0 0.6266796874999999 0.312587890625 0.101875 0.09646484375