0 0.953427734375 0.37166015625 0.09314453125 0.1958984375
0 0.6741796875 0.610771484375 0.06046875 0.04955078125
0 0.149443359375 0.26599609375 0.09658203125 0.1246484375
0 0.6090234375 0.8924609375 0.10078125 0.130859375
0 0.47500000000000003 0.972998046875 0.0846875 0.05400390625
0 0.26924804687500004 0.9680957031249999 0.06927734375 0.06380859375
0 0.16029296875 0.442705078125 0.0916796875 0.10853515625
0 0.202626953125 0.538935546875 0.09658203125 0.12603515625
0 0.050927734375 0.07142578125 0.10185546875 0.1428515625
0 0.099404296875 0.17396484375 0.09587890625 0.114140625
1 0.307626953125 0.7494921875 0.10861328125 0.0990625
0 0.025380859375 0.44865234375 0.05076171875 0.1246484375
0 0.7486132812499999 0.048330078125 0.139453125 0.09666015625