1 0.3373828125 0.575458984375 0.1325 0.14412109375
0 0.14347656250000002 0.28608398437500004 0.1198046875 0.15904296875
0 0.084111328125 0.20869140625 0.10919921875 0.0805859375
0 0.05080078125 0.114853515625 0.1016015625 0.13677734375
0 0.37142578125000003 0.030126953125 0.2555078125 0.06025390625
0 0.806650390625 0.38626953125 0.10388671875 0.111328125
0 0.7599999999999999 0.313125 0.091171875 0.096484375
0 0.723427734375 0.248447265625 0.08798828125 0.09224609375
0 0.6773046875 0.169990234375 0.09328125 0.09861328125
0 0.6343652343749999 0.09736328125 0.08162109375 0.108125
0 0.62640625 0.022705078125 0.0678515625 0.04541015625
0 0.5638671875 0.27071289062500004 0.0826953125 0.07740234375
0 0.51880859375 0.312060546875 0.081640625 0.07103515625
0 0.47427734375 0.357119140625 0.0880078125 0.07419921875
0 0.521455078125 0.498662109375 0.07845703125 0.07951171875
0 0.59779296875 0.508193359375 0.076328125 0.07740234375
0 0.675185546875 0.521455078125 0.07208984375 0.07208984375
0 0.7472753906249999 0.530458984375 0.07845703125 0.07740234375
0 0.8241503906250001 0.540537109375 0.07951171875 0.08482421875
0 0.89677734375 0.53099609375 0.07421875 0.076328125