0 0.67982421875 0.7144921875 0.100625 0.122109375
0 0.891103515625 0.7084179687500001 0.07552734375 0.0809765625
0 0.755390625 0.80931640625 0.1133984375 0.1259765625
0 0.0326171875 0.3443359375 0.065234375 0.3727734375
0 0.11738281249999999 0.5730957031249999 0.12515625 0.06017578125
0 0.233310546875 0.5853906249999999 0.11787109375 0.0564453125
0 0.19887695312499998 0.063740234375 0.05947265625 0.12748046875
0 0.33208984375 0.0634765625 0.0604296875 0.126953125
0 0.609716796875 0.06267578125 0.06267578125 0.1253515625
0 0.478779296875 0.0621484375 0.06158203125 0.124296875
0 0.778857421875 0.404990234375 0.09599609375 0.10337890625
0 0.8579882812499999 0.40213867187499996 0.0926171875 0.10634765625
0 0.9390234375000001 0.39447265625000005 0.0910546875 0.0991796875
0 0.98537109375 0.39396484374999996 0.0292578125 0.093046875
0 0.213095703125 0.834560546875 0.08037109375 0.09693359375
0 0.917490234375 0.0823828125 0.05728515625 0.0462109375
0 0.2867578125 0.8474414062500001 0.09640625 0.121484375
0 0.278125 0.93333984375 0.1110546875 0.05890625
0 0.286953125 0.488115234375 0.0465234375 0.03892578125
0 0.3766796875 0.48123046875000003 0.102265625 0.039375
0 0.44723632812499997 0.3469921875 0.05521484375 0.0450390625
0 0.8661328125000001 0.044228515625000006 0.0308984375 0.05501953125
1 0.302802734375 0.16076171875 0.07669921875 0.0478515625
0 0.615703125 0.90462890625 0.1110546875 0.095703125
0 0.42560546875 0.6608593749999999 0.09765625 0.1104296875
0 0.4803125 0.7383203125 0.073125 0.0812890625
0 0.5334863281250001 0.81373046875 0.10072265625 0.1216796875
0 0.612333984375 0.6184667968750001 0.10431640625 0.12271484375
0 0.820576171875 0.6169921875000001 0.10369140625 0.1239453125
0 0.949091796875 0.660869140625 0.10181640625 0.11474609375
0 0.7894433593750001 0.0547265625 0.06798828125 0.109453125
0 0.98326171875 0.0398828125 0.0334765625 0.079765625
0 0.905869140625 0.19845703125 0.18826171875 0.053125
0 0.51748046875 0.195859375 0.2492578125 0.0604296875
0 0.2641015625 0.23854492187499998 0.07765625 0.03072265625
0 0.6981542968750001 0.41037109374999997 0.09314453125 0.0971875