0 0.336376953125 0.5871972656250001 0.02146484375 0.03240234375
0 0.9179199218749999 0.729619140625 0.02892578125 0.02443359375
0 0.809482421875 0.77326171875 0.08064453125 0.068046875
0 0.96220703125 0.746484375 0.0193359375 0.017578125
0 0.94576171875 0.915380859375 0.017578125 0.02287109375
0 0.7808691406249999 0.910771484375 0.03306640625 0.03916015625
0 0.8249609375 0.876435546875 0.04953125 0.03021484375
0 0.568486328125 0.6102929687499999 0.02349609375 0.0328125
0 0.536494140625 0.593486328125 0.03564453125 0.03564453125
0 0.4750390625 0.853720703125 0.027578125 0.02787109375
0 0.105302734375 0.687041015625 0.04677734375 0.04837890625
0 0.66001953125 0.643291015625 0.0275390625 0.03240234375
0 0.195986328125 0.789482421875 0.03314453125 0.02173828125
0 0.182138671875 0.8540429687500001 0.03634765625 0.0375
0 0.34056640625 0.846943359375 0.029375 0.03814453125
0 0.17350585937500002 0.939931640625 0.03341796875 0.02767578125
0 0.37303710937499995 0.6131249999999999 0.03240234375 0.0518359375
0 0.4228125 0.770390625 0.052265625 0.04125
0 0.3234375 0.761953125 0.019921875 0.0253125
0 0.034375 0.7594140625000001 0.0295703125 0.024296875
0 0.932568359375 0.82384765625 0.02970703125 0.0316796875
1 0.2219921875 0.891806640625 0.0319140625 0.05275390625
1 0.7308203125 0.8051171875 0.0564453125 0.0675