0 0.89052734375 0.09150390625 0.044765625 0.033515625
0 0.30345703125 0.41350585937499995 0.080625 0.12091796875
0 0.23443359375 0.486064453125 0.1703125 0.07861328125
0 0.36794921875 0.51478515625 0.1148828125 0.081640625
0 0.673583984375 0.75927734375 0.03158203125 0.033203125
0 0.954814453125 0.360068359375 0.09037109375 0.06298828125
1 0.866474609375 0.840712890625 0.06173828125 0.06416015625
0 0.96279296875 0.19125976562500002 0.0744140625 0.06466796875
0 0.946064453125 0.513115234375 0.10787109375 0.08224609375
0 0.9591796874999999 0.678779296875 0.081640625 0.07271484375
0 0.952021484375 0.84625 0.09595703125 0.0858203125
0 0.9187402343750001 0.02837890625 0.16251953125 0.0567578125
0 0.04779296875 0.08940429687500001 0.0894921875 0.06771484375
0 0.023115234375 0.918955078125 0.04623046875 0.16208984375
1 0.87470703125 0.22183593750000002 0.0748828125 0.0846875
0 0.25712890625 0.533564453125 0.05015625 0.03150390625
0 0.8193750000000001 0.18716796875 0.031171875 0.030234375
0 0.7269140625 0.9425 0.0302734375 0.02109375
0 0.592578125 0.858505859375 0.033203125 0.02107421875
0 0.319580078125 0.330869140625 0.29830078125 0.11287109375