0 0.6434765625000001 0.587041015625 0.1390625 0.08970703125
2 0.1837109375 0.178486328125 0.3221484375 0.35697265625
0 0.85521484375 0.511962890625 0.128984375 0.17939453125
0 0.40036132812499997 0.29994140625 0.04900390625 0.065078125
0 0.41416015625 0.182255859375 0.0435546875 0.05466796875
0 0.951904296875 0.776904296875 0.09619140625 0.07642578125
0 0.6379980468750001 0.897841796875 0.09322265625 0.07978515625
0 0.4441796875 0.8325878906249999 0.090703125 0.07138671875
0 0.37808593749999997 0.885244140625 0.0386328125 0.05458984375
0 0.47818359375 0.965693359375 0.0965625 0.06548828125
0 0.283701171875 0.76853515625 0.23654296875 0.139296875
0 0.018935546875 0.45322265625 0.03787109375 0.1408203125
0 0.5593652343750001 0.256826171875 0.02310546875 0.03150390625
0 0.484140625 0.290419921875 0.0419921875 0.04408203125
0 0.79546875 0.8369531250000001 0.1259765625 0.08734375