0 0.57806640625 0.11144531249999999 0.0631640625 0.0488671875
0 0.02353515625 0.9362304687499999 0.0470703125 0.0774609375
0 0.76162109375 0.3325390625 0.1132421875 0.1048828125
0 0.8557812499999999 0.11120117187499999 0.2884375 0.21693359375
0 0.059287109375 0.8289355468749999 0.11619140625 0.18470703125
0 0.3245703125 0.84419921875 0.1215625 0.144453125
0 0.972490234375 0.98681640625 0.05005859375 0.0263671875
0 0.101015625 0.41478515625 0.20203125 0.190703125
0 0.017275390625 0.65970703125 0.02861328125 0.0393359375
0 0.03515625 0.6853417968750001 0.0309765625 0.03337890625
0 0.9064355468749999 0.19606445312499998 0.06912109375 0.06556640625
1 0.27732421875 0.37892578125000004 0.05125 0.040625
0 0.438017578125 0.6990527343749999 0.16447265625 0.18951171875
0 0.469599609375 0.7860546875000001 0.11322265625 0.1132421875
0 0.36412109375 0.24671875 0.0405078125 0.033359375
0 0.017275390624999998 0.03158203125 0.03099609375 0.0536328125
0 0.5989257812500001 0.166865234375 0.064375 0.06673828125
0 0.671630859375 0.24612304687500003 0.14302734375 0.15376953125
0 0.15315429687499998 0.8253906249999999 0.04529296875 0.046484375