0 0.626982421875 0.1144140625 0.03111328125 0.033671875
0 0.932353515625 0.39201171874999996 0.05548828125 0.05546875
0 0.963984375 0.475712890625 0.0705078125 0.07384765625
0 0.9741015625 0.55291015625 0.051796875 0.0537109375
0 0.81703125 0.517939453125 0.0322265625 0.03693359375
0 0.5851269531250001 0.0133203125 0.05310546875 0.026640625
0 0.6867578124999999 0.466982421875 0.0335546875 0.03498046875
0 0.97890625 0.2581640625 0.0421875 0.042421875
0 0.71724609375 0.263525390625 0.0373046875 0.04474609375
0 0.574287109375 0.185283203125 0.04630859375 0.04791015625
0 0.528564453125 0.135625 0.04533203125 0.0573046875
0 0.8827539062499999 0.2152734375 0.055 0.05546875
0 0.862216796875 0.28380859375 0.02244140625 0.0209765625
0 0.898837890625 0.309208984375 0.04708984375 0.06712890625
0 0.7384667968749999 0.34698242187499995 0.03869140625 0.04009765625
0 0.6454492187499999 0.34185546874999995 0.045703125 0.0503515625
0 0.782548828125 0.0155078125 0.04041015625 0.031015625
0 0.848984375 0.137080078125 0.0481640625 0.04662109375
0 0.93484375 0.11531249999999998 0.0800390625 0.0800390625
0 0.914599609375 0.936923828125 0.07740234375 0.09091796875
0 0.74013671875 0.56861328125 0.05546875 0.05828125
0 0.751328125 0.65953125 0.0526953125 0.05640625
0 0.6626953125 0.397099609375 0.02984375 0.03869140625
0 0.619345703125 0.38637695312500003 0.02611328125 0.02376953125
0 0.7715625 0.43719726562500005 0.0629296875 0.05267578125
0 0.671025390625 0.14841796875000002 0.04533203125 0.0505078125