0 0.233466796875 0.22041015625 0.02943359375 0.0263671875
0 0.5679687499999999 0.12734375 0.03328125 0.0285546875
0 0.535380859375 0.14268554687499999 0.04220703125 0.04216796875
0 0.23607421875 0.042988281249999996 0.0259375 0.0269921875
0 0.213671875 0.448408203125 0.106875 0.12341796875
0 0.10445312500000001 0.49591796875 0.0484765625 0.05484375
0 0.035712890625 0.67658203125 0.07142578125 0.0980859375
0 0.86318359375 0.35029296875 0.0874609375 0.0901171875
0 0.969365234375 0.11616210937499999 0.06126953125 0.06361328125
0 0.6912402343749999 0.20036132812500002 0.08923828125 0.08482421875
0 0.7420507812499999 0.109365234375 0.077734375 0.07599609375
0 0.13693359375 0.25400390625 0.080390625 0.0724609375
0 0.15791015625 0.615263671875 0.0557421875 0.05919921875
0 0.7841113281250001 0.24869140625 0.07951171875 0.0812890625
0 0.337890625 0.029365234375 0.051171875 0.05873046875
0 0.505986328125 0.18417968750000002 0.06392578125 0.0700390625
0 0.92642578125 0.26142578125 0.044921875 0.0530078125
0 0.383369140625 0.557275390625 0.05470703125 0.05982421875
0 0.6265332031249999 0.5969531250000001 0.06451171875 0.076796875
0 0.8359765625 0.064130859375 0.066875 0.05337890625