0 0.75291015625 0.36513671875 0.2031640625 0.177890625
0 0.860009765625 0.47953124999999996 0.11962890625 0.142265625
0 0.6031445312500001 0.66466796875 0.134140625 0.1172265625
0 0.90232421875 0.80169921875 0.1953515625 0.143515625
0 0.391728515625 0.70255859375 0.20412109375 0.3103125
0 0.19263671875 0.259140625 0.2152734375 0.2080078125
0 0.03419921875 0.8400390625 0.0683984375 0.1728515625
0 0.19786132812499999 0.850888671875 0.07978515625 0.07138671875
0 0.0855078125 0.733671875 0.048359375 0.05109375
0 0.019150390625 0.491865234375 0.03830078125 0.09658203125
0 0.41185546875 0.13513671875 0.1598046875 0.2501953125
1 0.16340820312499998 0.5569433593750001 0.12697265625 0.15419921875
1 0.45888671875 0.37181640625 0.1350390625 0.1330078125
3 0.93990234375 0.920673828125 0.0546875 0.05021484375
3 0.894990234375 0.9536328125 0.03970703125 0.0380859375
0 0.7355859375 0.898564453125 0.055546875 0.06314453125
0 0.567021484375 0.97775390625 0.13806640625 0.0444921875
1 0.572236328125 0.513681640625 0.13373046875 0.09728515625