0 0.44544921875 0.8212207031250001 0.1272265625 0.11662109375
0 0.36240234375 0.7478808593749999 0.12546875 0.11486328125
0 0.271220703125 0.6754296875 0.13517578125 0.1219140625
0 0.4715234375 0.17712890625 0.1298828125 0.0989453125
0 0.28068359375 0.9091210937499999 0.09984375 0.1228125
0 0.32396484375 0.9733398437499999 0.0715625 0.0533203125
0 0.13533203125 0.850810546875 0.1042578125 0.12810546875
0 0.07923828125 0.7496484375000001 0.103359375 0.1307421875
0 0.038515625 0.65158203125 0.07703125 0.1413671875
0 0.033212890625 0.1837109375 0.06642578125 0.048671875
0 0.9617187500000001 0.21689453125 0.0765625 0.0971875
0 0.3703515625 0.1205859375 0.12546875 0.0901171875
0 0.264150390625 0.06625 0.13341796875 0.09984375
0 0.854521484375 0.16078125 0.17494140625 0.1245703125
0 0.952001953125 0.44439453125 0.09599609375 0.08921875
0 0.863798828125 0.38785156249999997 0.12986328125 0.09453125
0 0.7604296875 0.33351562500000004 0.1228125 0.091875
0 0.5956445312499999 0.504033203125 0.1731640625 0.13607421875
0 0.63849609375 0.972890625 0.085703125 0.05421875
0 0.56296875 0.9356249999999999 0.1272265625 0.1175