0 0.08976562499999999 0.86431640625 0.1503125 0.0675
0 0.393349609375 0.694697265625 0.16208984375 0.12322265625
0 0.100205078125 0.39888671875 0.20041015625 0.08375
0 0.215263671875 0.300771484375 0.06361328125 0.09763671875
0 0.233955078125 0.2111328125 0.06134765625 0.0899609375
0 0.24427734375000001 0.08208984375 0.06109375 0.1641796875
0 0.49235351562499996 0.108212890625 0.04056640625 0.05595703125
0 0.44342773437500005 0.067724609375 0.06037109375 0.13544921875
0 0.6933984375 0.0504296875 0.07140625 0.100859375
0 0.36428710937500003 0.262099609375 0.06111328125 0.14724609375
0 0.441591796875 0.23042968749999998 0.06111328125 0.1075
0 0.67646484375 0.214599609375 0.072890625 0.09939453125
0 0.845068359375 0.22822265625000002 0.07142578125 0.098671875
0 0.859384765625 0.062197265625 0.06912109375 0.10232421875
1 0.926474609375 0.30770507812500003 0.07974609375 0.07916015625
1 0.791064453125 0.323349609375 0.06443359375 0.06931640625
1 0.967900390625 0.52828125 0.06419921875 0.095703125
0 0.7001953125 0.776767578125 0.05765625 0.04048828125
0 0.618251953125 0.7669531249999999 0.06326171875 0.0687109375
0 0.952060546875 0.83505859375 0.06810546875 0.14234375
0 0.61337890625 0.977041015625 0.0816015625 0.04591796875
1 0.54220703125 0.906533203125 0.0865234375 0.09017578125
1 0.539443359375 0.9396484374999999 0.08220703125 0.077734375