0 0.163251953125 0.7553027343750001 0.20673828125 0.16255859375
0 0.367890625 0.6422265625 0.1759765625 0.144296875
0 0.455146484375 0.46957031250000003 0.10896484375 0.0861328125
1 0.284736328125 0.954072265625 0.11927734375 0.09185546875
1 0.64423828125 0.640556640625 0.0895703125 0.09693359375
0 0.7319726562500001 0.475830078125 0.078046875 0.06185546875
0 0.023125 0.1000390625 0.04625 0.0587109375
0 0.161494140625 0.91345703125 0.07244140625 0.0671484375
0 0.037890625 0.506572265625 0.0740234375 0.08919921875
0 0.343369140625 0.10064453125 0.12427734375 0.1146875
0 0.58193359375 0.0316015625 0.10640625 0.063203125
0 0.680107421875 0.079052734375 0.08083984375 0.07568359375
0 0.8961621093750001 0.237275390625 0.08099609375 0.07951171875
0 0.939970703125 0.32268554687499995 0.08466796875 0.08392578125
0 0.842421875 0.349931640625 0.106015625 0.08982421875
0 0.533193359375 0.43275390625 0.05154296875 0.0478515625
0 0.701787109375 0.54541015625 0.15166015625 0.0773046875
0 0.8814355468749999 0.4607421875 0.15755859375 0.100859375
0 0.087275390625 0.9682128906249999 0.07775390625 0.06357421875