0 0.147568359375 0.163515625 0.11779296875 0.0693359375
0 0.04951171875 0.14818359375 0.0990234375 0.080390625
1 0.368359375 0.42689453125 0.134765625 0.1325390625
0 0.109287109375 0.581962890625 0.21658203125 0.08404296875
0 0.24485351562500002 0.589013671875 0.06326171875 0.06134765625
0 0.30648437500000003 0.587490234375 0.066875 0.06197265625
0 0.2834375 0.7387304687499999 0.081640625 0.1612109375
0 0.496533203125 0.84072265625 0.18130859375 0.3185546875
0 0.9190625 0.67337890625 0.161875 0.0779296875
0 0.7812109374999999 0.65748046875 0.13359375 0.0752734375
0 0.874501953125 0.8233984375 0.06998046875 0.1590234375
0 0.727138671875 0.8006054687499999 0.07634765625 0.1622265625
1 0.69828125 0.42359375 0.1043359375 0.1425
0 0.88869140625 0.28132812500000004 0.2226171875 0.0816015625
0 0.9685449218750001 0.048056640625 0.06291015625 0.09611328125
0 0.8384765625 0.081767578125 0.0776171875 0.16353515625
0 0.3859375 0.043876953125 0.06921875 0.08775390625
0 0.292666015625 0.18284179687500002 0.18712890625 0.07853515625