0 0.7204882812500001 0.089482421875 0.02921875 0.10544921875
0 0.046630859375 0.120361328125 0.04185546875 0.03513671875
0 0.353876953125 0.382392578125 0.03158203125 0.03240234375
0 0.36869140625 0.2704296875 0.0533203125 0.044609375
0 0.9872167968750001 0.7207324218750001 0.02556640625 0.02947265625
0 0.17181640625 0.131611328125 0.079765625 0.07267578125
0 0.12896484375 0.04671875 0.043046875 0.04578125
0 0.13232421875 0.229755859375 0.0544921875 0.04935546875
0 0.242705078125 0.066845703125 0.04619140625 0.04345703125
0 0.6685546875 0.251796875 0.0619921875 0.0533203125
0 0.665791015625 0.35032226562499996 0.08173828125 0.06240234375
0 0.8225488281250001 0.7706640625000001 0.07900390625 0.0790234375
0 0.84828125 0.445302734375 0.10703125 0.12044921875
0 0.97755859375 0.562998046875 0.0448828125 0.07701171875
0 0.876123046875 0.5870800781250001 0.08451171875 0.04779296875
0 0.719150390625 0.59181640625 0.04146484375 0.0462109375
0 0.6571484375 0.45378906249999995 0.06515625 0.121640625
0 0.504306640625 0.391201171875 0.17177734375 0.17654296875
0 0.28236328125 0.253369140625 0.0746484375 0.12044921875
0 0.5347167968750001 0.212890625 0.08095703125 0.02921875
0 0.70255859375 0.16866210937499998 0.0533203125 0.03396484375
0 0.831103515625 0.23560546875000002 0.07423828125 0.0359375
0 0.82775390625 0.318134765625 0.06515625 0.13150390625
0 0.980234375 0.3365625 0.03953125 0.2525
0 0.984501953125 0.0818359375 0.03099609375 0.163671875
0 0.6681640624999999 0.07438476562499999 0.071640625 0.14787109375
0 0.465673828125 0.07416015625 0.22185546875 0.1483203125