1 0.120498046875 0.2053125 0.09455078125 0.0874609375
0 0.233984375 0.152255859375 0.0760546875 0.24306640625
0 0.182744140625 0.019384765625 0.06193359375 0.03876953125
1 0.395712890625 0.187197265625 0.13076171875 0.12369140625
0 0.7416113281250001 0.078486328125 0.15814453125 0.13439453125
0 0.795458984375 0.19953125 0.18119140625 0.1909375
0 0.827392578125 0.02556640625 0.05548828125 0.0511328125
0 0.46373046875 0.3153125 0.1233203125 0.1196484375
0 0.11626953125 0.42642578125 0.1233203125 0.138671875
0 0.04396484375 0.5852832031249999 0.0879296875 0.13927734375
1 0.248369140625 0.386171875 0.08037109375 0.0773046875
1 0.258193359375 0.449990234375 0.08650390625 0.07361328125
0 0.185546875 0.675537109375 0.1018359375 0.11291015625
0 0.082607421875 0.813681640625 0.12783203125 0.11248046875
0 0.06833984375 0.863525390625 0.0609375 0.05880859375
0 0.257265625 0.778720703125 0.2473828125 0.22263671875
0 0.35857421874999995 0.6173828125 0.109921875 0.0890625
0 0.47979492187499995 0.660419921875 0.09076171875 0.09501953125
0 0.66466796875 0.64541015625 0.1165625 0.1067578125
0 0.5447265625 0.536806640625 0.087734375 0.07974609375
0 0.598408203125 0.582509765625 0.08833984375 0.07423828125