0 0.5308496093749999 0.2438671875 0.02962890625 0.0375390625
0 0.287734375 0.21315429687499998 0.0973046875 0.07392578125
0 0.95359375 0.163603515625 0.0331640625 0.03416015625
0 0.172890625 0.723857421875 0.1042578125 0.15373046875
0 0.4718359375 0.47593749999999996 0.039375 0.035078125
0 0.82560546875 0.023857421875 0.0569140625 0.04771484375
0 0.04322265625 0.34392578124999995 0.0564453125 0.0521875
0 0.549775390625 0.48748046875 0.08376953125 0.0683203125
0 0.522333984375 0.41500976562499997 0.08416015625 0.06556640625
0 0.79875 0.8478125000000001 0.128984375 0.1815234375
0 0.905888671875 0.7577343750000001 0.16583984375 0.188359375
0 0.07806640625 0.909921875 0.0962890625 0.090078125
0 0.226484375 0.95291015625 0.1324609375 0.0941796875