0 0.351474609375 0.74111328125 0.04123046875 0.0434375
1 0.5178125 0.074912109375 0.2191015625 0.12369140625
0 0.880009765625 0.236142578125 0.09197265625 0.11220703125
0 0.832470703125 0.13388671875 0.10865234375 0.13171875
0 0.8011621093750001 0.041904296875 0.11708984375 0.08380859375
0 0.65126953125 0.181474609375 0.065703125 0.06939453125
0 0.714189453125 0.3086328125 0.12025390625 0.1570703125
0 0.801923828125 0.48888671875 0.11533203125 0.155234375
0 0.94728515625 0.39164062499999996 0.1054296875 0.130078125
0 0.9690624999999999 0.492880859375 0.061875 0.12271484375
0 0.9264355468750001 0.82001953125 0.14712890625 0.1198046875
0 0.840576171875 0.951767578125 0.10232421875 0.09646484375
0 0.6238281250000001 0.92421875 0.0876171875 0.0640625
0 0.5856445312499999 0.8813769531250001 0.0435546875 0.05216796875
0 0.5484960937500001 0.78845703125 0.06140625 0.065703125
0 0.42545898437499996 0.596328125 0.05681640625 0.0701171875
0 0.37861328125000004 0.5277636718750001 0.0724609375 0.07279296875
0 0.34876953125 0.446982421875 0.048984375 0.03978515625
0 0.391328125 0.29527343749999996 0.079765625 0.0890234375
0 0.3625 0.23607421874999998 0.0773046875 0.0761328125
0 0.3305859375 0.17961914062499998 0.0773046875 0.08595703125
0 0.30083984375 0.12287109375 0.07546875 0.0816796875
0 0.55439453125 0.5451171875 0.042421875 0.0415234375
0 0.234072265625 0.5518359375 0.05751953125 0.062734375
0 0.19077148437500002 0.480263671875 0.05044921875 0.05919921875