0 0.06666015625 0.627216796875 0.1333203125 0.15314453125
0 0.8555078125000001 0.25828125 0.081484375 0.0707421875
0 0.2682421875 0.343779296875 0.1946875 0.18279296875
0 0.2490234375 0.92703125 0.1262890625 0.1450390625
0 0.932861328125 0.789013671875 0.10697265625 0.13251953125
0 0.18864257812500002 0.712880859375 0.15341796875 0.20166015625
0 0.47638671875 0.18044921875 0.2265234375 0.1509375
0 0.258369140625 0.086484375 0.17033203125 0.13921875
0 0.65345703125 0.21890625 0.1061328125 0.100234375
0 0.8498339843749999 0.882568359375 0.07626953125 0.07392578125
0 0.84197265625 0.399169921875 0.104296875 0.16197265625
0 0.1130078125 0.283017578125 0.0958203125 0.15396484375
0 0.054169921875 0.7991406249999999 0.06564453125 0.071171875
2 0.9134765625 0.42744140625 0.14609375 0.1830078125