0 0.08304687499999999 0.87953125 0.040234375 0.0507421875
0 0.27421875 0.65650390625 0.0594921875 0.0997265625
0 0.03578125 0.7261425781249999 0.0437890625 0.06357421875
0 0.15361328125 0.7905859375000001 0.0682421875 0.068828125
0 0.414345703125 0.731083984375 0.29224609375 0.06650390625
0 0.42845703125 0.5894921875 0.3164453125 0.06953125
0 0.9486328125 0.27188476562499997 0.077578125 0.11431640625
0 0.16496093750000002 0.8707812500000001 0.047890625 0.0507421875
0 0.31970703125 0.8810449218749999 0.05015625 0.07990234375
0 0.27468750000000003 0.818115234375 0.0344140625 0.04373046875
0 0.11644531250000001 0.71083984375 0.0384375 0.0296484375
0 0.735234375 0.40398437499999995 0.1090625 0.121875