0 0.465703125 0.933115234375 0.1181640625 0.13376953125
0 0.39521484375 0.8296484375 0.1114453125 0.1308984375
0 0.17568359375 0.7380078125 0.080546875 0.07921875
0 0.026416015625 0.6258886718750001 0.05283203125 0.05505859375
0 0.052490234375 0.743046875 0.05302734375 0.0503515625
0 0.113916015625 0.8820214843749999 0.05638671875 0.05572265625
0 0.184296875 0.21109375 0.1691796875 0.093828125
0 0.43701171875 0.24201171875 0.0986328125 0.0705859375
0 0.515859375 0.14084960937500002 0.0918359375 0.11681640625
1 0.542275390625 0.78658203125 0.15177734375 0.131484375
0 0.0255078125 0.9736328125 0.051015625 0.052734375
0 0.6849023437499999 0.70578125 0.082578125 0.100703125
0 0.660302734375 0.3401171875 0.23666015625 0.26171875
0 0.829794921875 0.5826953125000001 0.19373046875 0.2587109375
0 0.9667187500000001 0.843349609375 0.0665625 0.05908203125