0 0.422080078125 0.7800390625 0.10876953125 0.1175
0 0.354052734375 0.876787109375 0.11583984375 0.12544921875
1 0.045703125 0.12765625 0.09140625 0.106015625
0 0.555986328125 0.52201171875 0.07244140625 0.128203125
0 0.581552734375 0.39791992187499997 0.06193359375 0.12369140625
0 0.76708984375 0.31217773437499996 0.06546875 0.12201171875
0 0.7662109375 0.194228515625 0.0637109375 0.11935546875
0 0.7675390625 0.07759765625000001 0.0645703125 0.1211328125
0 0.311689453125 0.08630859375 0.08041015625 0.1726171875
0 0.729990234375 0.7720898437499999 0.13083984375 0.1192578125
0 0.48966796875 0.6824121093750001 0.1043359375 0.12369140625
0 0.6423046875 0.8812890625 0.136953125 0.12546875