0 0.93078125 0.081328125 0.036328125 0.0284765625
0 0.570673828125 0.76599609375 0.01564453125 0.0128515625
0 0.836533203125 0.7354296875 0.02701171875 0.0493359375
0 0.8086035156250001 0.9054296875 0.03650390625 0.0383984375
0 0.5677832031250001 0.826884765625 0.02748046875 0.03416015625
0 0.425185546875 0.7116406249999999 0.02623046875 0.0176953125
0 0.47779296875000005 0.6954296875 0.031328125 0.0216796875
0 0.489482421875 0.7585546875 0.03525390625 0.037578125
0 0.629384765625 0.868310546875 0.03412109375 0.02736328125
0 0.385947265625 0.88708984375 0.03873046875 0.0239453125
0 0.463857421875 0.9859277343749999 0.01939453125 0.02814453125
0 0.9354882812499999 0.5374121093750001 0.0398828125 0.04466796875
0 0.55162109375 0.04439453125 0.0209375 0.0296484375
0 0.60533203125 0.188740234375 0.0391015625 0.04349609375
0 0.9736816406250001 0.825029296875 0.03041015625 0.02369140625
0 0.15533203125 0.0903125 0.0379296875 0.035546875
0 0.92466796875 0.21658203125 0.042265625 0.0430859375
0 0.9808007812499999 0.258857421875 0.0383984375 0.05490234375
0 0.9777148437500001 0.6772265625 0.0445703125 0.0659765625
0 0.20841796875 0.095517578125 0.0398046875 0.03365234375
0 0.2358984375 0.016142578125 0.019921875 0.03033203125
0 0.05912109375 0.06044921874999999 0.0322265625 0.0326953125
0 0.8725 0.56052734375 0.0394921875 0.032421875
0 0.6075390625 0.36553710937499995 0.0389453125 0.03509765625
0 0.533369140625 0.635322265625 0.01759765625 0.02146484375
0 0.566171875 0.65279296875 0.027421875 0.02859375
0 0.5408203125 0.738037109375 0.0146875 0.01853515625
0 0.79408203125 0.3585546875 0.02609375 0.0292578125
0 0.6740136718749999 0.56005859375 0.02666015625 0.03953125
0 0.91001953125 0.575927734375 0.0252734375 0.01662109375
1 0.41047851562500004 0.32796875 0.09787109375 0.082421875