0 0.491708984375 0.224072265625 0.10861328125 0.07177734375
0 0.80265625 0.93076171875 0.1016015625 0.1016015625
0 0.40427734375 0.601103515625 0.0944921875 0.06013671875
0 0.7525195312499999 0.859501953125 0.1104296875 0.11412109375
0 0.763125 0.42671875 0.1833203125 0.11265625
0 0.8198046875 0.147314453125 0.0876171875 0.04712890625
0 0.178251953125 0.267822265625 0.10369140625 0.06443359375
0 0.20732421875 0.6008007812499999 0.0564453125 0.087734375
0 0.29537109375 0.58791015625 0.1233203125 0.066875
0 0.135 0.362314453125 0.1102734375 0.07314453125
0 0.33525390624999996 0.415205078125 0.1491015625 0.08712890625
0 0.36624023437500003 0.30874999999999997 0.13498046875 0.0816015625