0 0.856318359375 0.843720703125 0.28736328125 0.31255859375
0 0.824794921875 0.062958984375 0.07986328125 0.10833984375
3 0.596953125 0.07951171875 0.02109375 0.02109375
3 0.34683593749999997 0.560283203125 0.1335546875 0.08923828125
0 0.123828125 0.75134765625 0.24765625 0.110859375
0 0.973232421875 0.091435546875 0.05150390625 0.05005859375
0 0.29234375 0.39712890625 0.1312109375 0.1841796875
3 0.6090527343750001 0.112548828125 0.02333984375 0.02193359375
3 0.679423828125 0.11087890624999999 0.02775390625 0.02671875
3 0.6416503906250001 0.100185546875 0.02896484375 0.03712890625
3 0.628173828125 0.066435546875 0.02896484375 0.02474609375
0 0.9551464843749999 0.393193359375 0.08970703125 0.20119140625
0 0.9382421875 0.0367578125 0.0340234375 0.0340234375
0 0.5655078125 0.345810546875 0.281171875 0.27712890625
0 0.70861328125 0.58314453125 0.3376171875 0.37890625