0 0.07974609375 0.17459960937500002 0.1594921875 0.10400390625
0 0.9268359374999999 0.7260156249999999 0.122890625 0.1158203125
0 0.823857421875 0.422490234375 0.13037109375 0.07208984375
0 0.798779296875 0.6832128906249999 0.19525390625 0.15197265625
0 0.8590625000000001 0.263564453125 0.083203125 0.05962890625
0 0.152109375 0.48630859375 0.148359375 0.0933984375
0 0.27641601562499996 0.2533984375 0.15400390625 0.0981640625
0 0.432998046875 0.29825195312499997 0.16810546875 0.10185546875
0 0.552509765625 0.35586914062499997 0.12822265625 0.10431640625
0 0.128427734375 0.96037109375 0.07634765625 0.0559765625
0 0.402138671875 0.564033203125 0.18185546875 0.14505859375
0 0.488642578125 0.603759765625 0.06037109375 0.12744140625