0 0.8994140625 0.46923828125 0.10390625 0.109296875
0 0.6714746093749999 0.5371484375 0.08482421875 0.0583203125
0 0.7393261718749999 0.5837890625000001 0.06572265625 0.0583203125
0 0.907900390625 0.755546875 0.06361328125 0.06890625
0 0.2366015625 0.42302734375 0.05015625 0.0496484375
1 0.71828125 0.09928710937499999 0.106015625 0.08923828125
1 0.6688281250000001 0.440869140625 0.12828125 0.09435546875
0 0.0555078125 0.038740234374999995 0.111015625 0.06427734375
0 0.062373046875000004 0.292177734375 0.07314453125 0.03720703125
0 0.31894531249999997 0.22755859375 0.1134375 0.096484375
0 0.4265625 0.311318359375 0.1590234375 0.13888671875
0 0.38044921875 0.1819140625 0.1346484375 0.15171875
0 0.43027343749999997 0.11888671875 0.1367578125 0.1420703125
0 0.562275390625 0.159697265625 0.16751953125 0.07103515625
0 0.8426855468750001 0.3399609375 0.15369140625 0.147421875
0 0.94970703125 0.428994140625 0.1005859375 0.09435546875