3 0.8640625 0.440703125 0.034765625 0.032734375
0 0.44233398437500004 0.075302734375 0.08025390625 0.12076171875
0 0.462939453125 0.18869140625 0.07583984375 0.1178125
0 0.894873046875 0.34021484375 0.12822265625 0.1024609375
0 0.028818359375 0.636337890625 0.05763671875 0.06478515625
0 0.099931640625 0.663203125 0.12728515625 0.0876171875
0 0.20779296875 0.701123046875 0.1221484375 0.08541015625
0 0.166435546875 0.327333984375 0.08537109375 0.11861328125
0 0.22231445312499998 0.548017578125 0.08181640625 0.12271484375
0 0.348935546875 0.337216796875 0.08345703125 0.11779296875
0 0.37724609374999996 0.44657226562499996 0.079765625 0.12271484375
0 0.402548828125 0.558798828125 0.07923828125 0.11912109375
0 0.50521484375 0.33373046875 0.0848828125 0.12015625
0 0.5284765625 0.447490234375 0.08640625 0.12169921875
1 0.172724609375 0.17221679687500002 0.06033203125 0.05521484375
0 0.20110351562499998 0.43373046875 0.07619140625 0.12015625
0 0.045712890625 0.181962890625 0.09142578125 0.11357421875
3 0.9006054687499999 0.45802734375 0.0286328125 0.0266015625