0 0.16923828125 0.321044921875 0.2071484375 0.18685546875
0 0.2923828125 0.197138671875 0.21421875 0.17572265625
0 0.4746875 0.0427734375 0.1379296875 0.085546875
0 0.6503515625 0.162470703125 0.1533203125 0.13587890625
0 0.7637207031250001 0.09775390625 0.15474609375 0.1421484375
0 0.808515625 0.30350585937499996 0.147734375 0.13794921875
0 0.91384765625 0.221279296875 0.1568359375 0.14423828125
0 0.552021484375 0.39204101562500004 0.21423828125 0.18341796875
0 0.798046875 0.651005859375 0.2736328125 0.32052734375
0 0.863251953125 0.923701171875 0.06998046875 0.07294921875
0 0.9459960937499999 0.43399414062499997 0.1080078125 0.13001953125
0 0.032138671875 0.15339843749999998 0.06427734375 0.1386328125
0 0.9555859375 0.104951171875 0.088828125 0.11791015625
0 0.8305078125 0.016953125 0.082734375 0.03390625