1 0.0860546875 0.31742187499999996 0.084921875 0.0737890625
0 0.256845703125 0.84802734375 0.05482421875 0.0536328125
0 0.362333984375 0.8492187499999999 0.02978515625 0.036953125
0 0.32419921874999996 0.8742578125 0.0441015625 0.0441015625
0 0.5977343749999999 0.8098828124999999 0.0357421875 0.0393359375
0 0.79439453125 0.943974609375 0.0214453125 0.04052734375
0 0.851015625 0.8975 0.0726953125 0.0715234375
0 0.6638867187499999 0.415966796875 0.056015625 0.06912109375
0 0.896298828125 0.8563769531250001 0.07748046875 0.08462890625
0 0.6114453125 0.6895117187500001 0.14421875 0.203828125
0 0.692490234375 0.74314453125 0.17283203125 0.1751953125
0 0.6466015625 0.46662109375 0.05484375 0.0583984375
0 0.78724609375 0.77771484375 0.05484375 0.056015625
0 0.90404296875 0.643623046875 0.190703125 0.27412109375
0 0.55958984375 0.27055664062499996 0.0214453125 0.02861328125
0 0.5971386718749999 0.299755859375 0.03693359375 0.02740234375
0 0.6638867187499999 0.269365234375 0.0774609375 0.08103515625
0 0.715732421875 0.174013671875 0.04767578125 0.05005859375
0 0.7300292968750001 0.258642578125 0.04291015625 0.04529296875
0 0.858759765625 0.34803710937500004 0.07150390625 0.04767578125
0 0.8510156249999999 0.29082031249999996 0.046484375 0.064375
0 0.02263671875 0.877236328125 0.04171875 0.06197265625
0 0.070908203125 0.899873046875 0.04291015625 0.04529296875
0 0.156728515625 0.02919921875 0.07150390625 0.0583984375
0 0.146005859375 0.066748046875 0.07150390625 0.05005859375
0 0.25029296875 0.071513671875 0.0488671875 0.06197265625
0 0.210361328125 0.1352734375 0.05482421875 0.06078125
0 0.028603515625 0.15792968750000003 0.02978515625 0.0393359375
0 0.043505859375 0.21334960937500003 0.05958984375 0.06912109375
0 0.95470703125 0.18891601562500002 0.089375 0.10130859375
0 0.9505371093749999 0.107861328125 0.02623046875 0.02740234375
0 0.9159765624999999 0.0744921875 0.088203125 0.0869921875
0 0.751484375 0.0071484375 0.0262109375 0.014296875
0 0.8301562499999999 0.030986328125 0.078671875 0.05958984375
0 0.575087890625 0.01548828125 0.03099609375 0.0214453125
0 0.55482421875 0.046484375 0.033359375 0.02859375
0 0.21096679687500003 0.225859375 0.07509765625 0.065546875
0 0.356376953125 0.252080078125 0.06318359375 0.07509765625
0 0.530986328125 0.090576171875 0.04291015625 0.06197265625
0 0.411796875 0.213349609375 0.0357421875 0.04767578125
0 0.413583984375 0.2908203125 0.02740234375 0.033359375
0 0.46305664062499996 0.237177734375 0.04291015625 0.05244140625
0 0.460673828125 0.291416015625 0.05244140625 0.02978515625
0 0.497021484375 0.78248046875 0.02978515625 0.0345703125
0 0.296181640625 0.75267578125 0.04767578125 0.065546875
0 0.842666015625 0.51787109375 0.08224609375 0.0631640625
0 0.413583984375 0.8557812499999999 0.02501953125 0.02859375
0 0.5 0.613232421875 0.069140625 0.07033203125
0 0.505361328125 0.67759765625 0.03455078125 0.05125
0 0.408818359375 0.76400390625 0.08462890625 0.07390625
0 0.237783203125 0.716923828125 0.08103515625 0.09654296875
0 0.04171875 0.616796875 0.06078125 0.0536328125
0 0.10428710937499999 0.547080078125 0.05244140625 0.04052734375
0 0.1608984375 0.40286132812500003 0.0631640625 0.05244140625
0 0.19546875 0.337900390625 0.1037109375 0.07748046875
0 0.610849609375 0.407626953125 0.02623046875 0.07150390625
0 0.572705078125 0.5333691406250001 0.04291015625 0.07033203125
0 0.51548828125 0.5435058593750001 0.023828125 0.04291015625
0 0.40464843749999996 0.3998828125 0.059609375 0.0679296875
0 0.474375 0.34922851562499996 0.0441015625 0.03337890625
0 0.56615234375 0.3885546875 0.0583984375 0.07390625