0 0.709482421875 0.8994140625 0.05630859375 0.0975390625
0 0.92953125 0.04470703125 0.10390625 0.0894140625
0 0.610927734375 0.909921875 0.05619140625 0.06890625
0 0.6644824218750001 0.758408203125 0.06361328125 0.08056640625
0 0.93560546875 0.40482421875 0.1287890625 0.0880078125
0 0.82509765625 0.42709960937499997 0.1049609375 0.07951171875
0 0.49113281249999996 0.061884765625 0.126171875 0.12376953125
0 0.9146875 0.148779296875 0.0996484375 0.12298828125
0 0.849482421875 0.25215820312500004 0.10708984375 0.12830078125
0 0.683564453125 0.15779296874999998 0.11025390625 0.126171875
0 0.81998046875 0.8331347656250001 0.0733203125 0.10779296875
0 0.7429296875 0.057958984375 0.0996484375 0.11591796875
0 0.7908203125 0.7138671875 0.0962890625 0.1325390625
0 0.7647558593749999 0.58884765625 0.08482421875 0.1351953125
0 0.586865234375 0.771708984375 0.05419921875 0.05470703125