0 0.107685546875 0.42875 0.03884765625 0.0526953125
0 0.123759765625 0.944892578125 0.10748046875 0.05005859375
0 0.267939453125 0.260556640625 0.04146484375 0.08095703125
0 0.278994140625 0.34369140625000005 0.06279296875 0.0766015625
0 0.29775390625 0.437294921875 0.063984375 0.05529296875
0 0.12486328125 0.560107421875 0.079375 0.03001953125
0 0.648662109375 0.9736914062500001 0.10634765625 0.0526171875
0 0.5573828125 0.928349609375 0.0318359375 0.04833984375
0 0.2098828125 0.41047851562500004 0.0378515625 0.05169921875
0 0.315400390625 0.9400390624999999 0.25193359375 0.093359375
0 0.566220703125 0.561767578125 0.03759765625 0.07279296875