0 0.054609375 0.254501953125 0.1030859375 0.10970703125
0 0.016044921875 0.1787109375 0.03208984375 0.0582421875
0 0.030400390625 0.024765625 0.06080078125 0.04953125
0 0.18083984375 0.9283203125 0.1890625 0.143359375
0 0.27450195312500003 0.733388671875 0.10072265625 0.10513671875
0 0.35268554687500003 0.8164453125 0.12986328125 0.1245703125
0 0.35091796875000003 0.56287109375 0.1210546875 0.1210546875
0 0.434404296875 0.6490234375 0.10779296875 0.1042578125
0 0.5214453125 0.8296875 0.0786328125 0.0786328125
0 0.63408203125 0.626484375 0.1360546875 0.1387109375
0 0.731708984375 0.73119140625 0.13517578125 0.134296875
0 0.930029296875 0.765849609375 0.13841796875 0.12958984375
0 0.74677734375 0.216669921875 0.1325390625 0.10970703125
0 0.8472753906249999 0.2855078125 0.11853515625 0.1075
0 0.9341503906249999 0.352880859375 0.11853515625 0.10529296875