0 0.110078125 0.22517578124999998 0.1196484375 0.1196484375
0 0.03818359375 0.8608886718750001 0.0763671875 0.10369140625
0 0.07970703125 0.961884765625 0.09265625 0.07623046875
0 0.20640625 0.8222265625 0.1018359375 0.1171875
0 0.26591796875 0.9105859375 0.095703125 0.104921875
0 0.34261718750000003 0.6881640625000001 0.1067578125 0.1190234375
0 0.40397460937499996 0.779892578125 0.10185546875 0.11228515625
0 0.4346484375 0.9295703125 0.0809765625 0.0803125
0 0.41869140625 0.985205078125 0.05890625 0.02958984375
0 0.378818359375 0.572509765625 0.06626953125 0.05951171875
0 0.49109375 0.45624023437500005 0.1239453125 0.12884765625
0 0.56779296875 0.552275390625 0.1116796875 0.11841796875
1 0.639521484375 0.443486328125 0.07423828125 0.06873046875