0 0.43861328125000004 0.5831640625 0.0401171875 0.046875
0 0.50087890625 0.59583984375 0.046640625 0.036796875
0 0.85595703125 0.50771484375 0.0583984375 0.0630859375
0 0.3640234375 0.63578125 0.032109375 0.03890625
0 0.693359375 0.71240234375 0.04140625 0.0572265625
0 0.575263671875 0.75501953125 0.08517578125 0.05
0 0.6697558593749999 0.792939453125 0.04650390625 0.02701171875
0 0.670791015625 0.833076171875 0.06552734375 0.03685546875
1 0.5897753906250001 0.25462890625 0.09685546875 0.0921484375
0 0.14251953125 0.7143359375 0.05390625 0.064453125
0 0.025615234375 0.131669921875 0.03880859375 0.03486328125
0 0.05265625 0.28822265625 0.031640625 0.043125
0 0.41376953125 0.5189453125 0.0326171875 0.043359375
0 0.096767578125 0.277099609375 0.04611328125 0.04248046875
0 0.7423828125 0.79697265625 0.0390625 0.0658203125