1 0.05501953125 0.676767578125 0.094140625 0.09923828125
1 0.455126953125 0.475107421875 0.17935546875 0.15646484375
0 0.13072265624999999 0.466220703125 0.1132421875 0.12595703125
0 0.215947265625 0.2821484375 0.11541015625 0.1375
0 0.1594921875 0.1775390625 0.0871875 0.1012890625
0 0.613994140625 0.2894140625 0.15025390625 0.093515625
0 0.7605468750000001 0.260322265625 0.029453125 0.04564453125
0 0.67072265625 0.6472265625 0.078046875 0.05375
0 0.601513671875 0.709072265625 0.09865234375 0.09498046875
0 0.49548828125 0.751787109375 0.1104296875 0.09056640625
0 0.566171875 0.9030859375 0.1310546875 0.108984375
0 0.226015625 0.90603515625 0.0824609375 0.086875
0 0.328359375 0.7101855468749999 0.0824609375 0.06919921875
1 0.33349609375 0.609326171875 0.1060546875 0.12666015625