0 0.351005859375 0.8219140625 0.13076171875 0.180234375
0 0.920234375 0.9478515624999999 0.0876171875 0.0648046875
0 0.8590234375 0.577646484375 0.150546875 0.06892578125
0 0.75775390625 0.34492187500000004 0.4844921875 0.13359375
0 0.41744140625 0.17634765624999998 0.1176953125 0.1272265625
0 0.34640624999999997 0.276484375 0.1134375 0.1283984375
0 0.18367187499999998 0.28603515625 0.11875 0.09234375
0 0.068505859375 0.2308984375 0.13701171875 0.109296875
0 0.0398828125 0.07015625 0.079765625 0.1403125
0 0.078095703125 0.4992578125 0.11927734375 0.126328125
0 0.514453125 0.047568359375 0.1325390625 0.09513671875
0 0.380869140625 0.0371875 0.13451171875 0.074375
0 0.19544921875 0.087578125 0.1603125 0.17515625
0 0.056123046875 0.67896484375 0.11224609375 0.2351171875
0 0.28252929687499995 0.400439453125 0.04681640625 0.04955078125
0 0.46015625000000004 0.450703125 0.066484375 0.050703125
0 0.7835156249999999 0.736015625 0.039375 0.1037890625
0 0.269873046875 0.9763769531250001 0.10013671875 0.04724609375
0 0.41771484375 0.9608203125 0.1026953125 0.078359375
0 0.472294921875 0.384013671875 0.06603515625 0.05794921875
0 0.8512597656249999 0.7314160156249999 0.04908203125 0.09970703125
0 0.87529296875 0.656767578125 0.136015625 0.04345703125
0 0.8414453125 0.04119140625 0.317109375 0.0823828125
0 0.839296875 0.191748046875 0.32140625 0.10736328125
0 0.485302734375 0.852841796875 0.03533203125 0.06185546875
0 0.9146875 0.8815527343749999 0.07421875 0.06626953125
0 0.931474609375 0.7733203125 0.06537109375 0.157265625
0 0.894375 0.496337890625 0.12015625 0.06626953125
0 0.7004296875 0.73091796875 0.04859375 0.037109375
0 0.70396484375 0.6695214843749999 0.0415234375 0.05919921875
0 0.708388671875 0.581162109375 0.04154296875 0.08041015625
0 0.521572265625 0.66509765625 0.27556640625 0.16875