0 0.291767578125 0.56537109375 0.18595703125 0.09875
0 0.57384765625 0.47033203125 0.05734375 0.0368359375
0 0.673349609375 0.373935546875 0.05236328125 0.03087890625
0 0.7693652343749999 0.864638671875 0.05986328125 0.03916015625
0 0.49337890625 0.665126953125 0.14265625 0.08056640625
0 0.35630859375 0.70904296875 0.0855859375 0.0710546875
0 0.565048828125 0.95119140625 0.13595703125 0.069375
0 0.09896484375 0.9366015624999999 0.1979296875 0.126796875
0 0.33001953124999994 0.8396875 0.1359375 0.0783203125
0 0.170908203125 0.59423828125 0.08123046875 0.0665234375
0 0.447177734375 0.51703125 0.11279296875 0.0759375