0 0.097236328125 0.886357421875 0.03892578125 0.03017578125
0 0.33797851562500003 0.30078125 0.03814453125 0.04421875
0 0.382177734375 0.2474609375 0.02197265625 0.0205859375
0 0.344560546875 0.071279296875 0.04455078125 0.04083984375
0 0.38826171875 0.012099609375 0.034765625 0.02419921875
0 0.44208984375 0.010244140625 0.041171875 0.02048828125
0 0.33915039062499996 0.35849609375 0.06681640625 0.0489453125
0 0.54064453125 0.017666015625 0.0573828125 0.03533203125
0 0.73419921875 0.028076171875 0.0300390625 0.04287109375
0 0.896201171875 0.0429296875 0.03138671875 0.0448828125
0 0.711923828125 0.09422851562500001 0.05162109375 0.03072265625
0 0.936689453125 0.090517578125 0.03611328125 0.03880859375
0 0.9058203125000001 0.16123046875 0.03171875 0.0310546875
0 0.98716796875 0.186533203125 0.0256640625 0.02361328125
0 0.85251953125 0.274892578125 0.0394921875 0.04185546875
0 0.811318359375 0.392412109375 0.02564453125 0.02025390625
0 0.72017578125 0.383125 0.041875 0.0617578125
0 0.6617871093750001 0.380107421875 0.03919921875 0.04291015625
0 0.61689453125 0.32390624999999995 0.0317578125 0.03375
0 0.512509765625 0.23212890625000002 0.03158203125 0.031171875
0 0.6190234375 0.143427734375 0.028359375 0.03361328125
1 0.92478515625 0.2009765625 0.07484375 0.04375
1 0.73400390625 0.140224609375 0.075390625 0.04763671875
0 0.063984375 0.19685546875 0.0236328125 0.017578125
0 0.089375 0.171953125 0.0376953125 0.0380859375
0 0.501875 0.423056640625 0.0478125 0.04357421875
0 0.523828125 0.963984375 0.03234375 0.028984375
0 0.7308789062500001 0.9087890625 0.0309375 0.040234375
0 0.94458984375 0.89205078125 0.047421875 0.0287890625
0 0.80626953125 0.610634765625 0.045234375 0.04470703125
0 0.96740234375 0.552060546875 0.04375 0.04130859375
0 0.8750390625000001 0.41695312500000004 0.0340625 0.039375
0 0.500576171875 0.5236328124999999 0.03552734375 0.03984375
0 0.425244140625 0.51220703125 0.04037109375 0.046171875
0 0.248095703125 0.504921875 0.04087890625 0.0296484375
0 0.26486328124999997 0.44586914062500005 0.0384375 0.03693359375
0 0.211162109375 0.3826953125 0.04962890625 0.0583203125
0 0.15138671875 0.409423828125 0.027265625 0.03595703125
0 0.06314453125 0.40992187500000005 0.04921875 0.040234375
0 0.0311328125 0.3204296875 0.0306640625 0.02671875
0 0.0297265625 0.3647265625 0.02109375 0.0180078125
0 0.120009765625 0.349677734375 0.04470703125 0.04021484375
0 0.017421875 0.130986328125 0.0310546875 0.03677734375