0 0.01779296875 0.212919921875 0.0301953125 0.03017578125
0 0.37759765625 0.151845703125 0.020625 0.02556640625
0 0.605224609375 0.12884765625 0.03564453125 0.036484375
0 0.54890625 0.160029296875 0.0373046875 0.04298828125
0 0.6044335937499999 0.23283203125000002 0.045 0.0320703125
0 0.5580664062499999 0.49603515625 0.028125 0.034921875
0 0.34293945312499996 0.22053710937499998 0.05400390625 0.03791015625
0 0.396640625 0.22029296875 0.0418359375 0.032578125
0 0.6493847656249999 0.342109375 0.02916015625 0.0340625
0 0.6284863281249999 0.40431640625 0.03986328125 0.0369921875
0 0.1634375 0.6460351562500001 0.0310546875 0.045546875
0 0.4097265625 0.27669921875 0.028046875 0.044921875
0 0.83259765625 0.922763671875 0.04125 0.04009765625
0 0.797666015625 0.9562890625 0.03517578125 0.028359375
0 0.34600585937499995 0.144033203125 0.02837890625 0.02958984375
0 0.031875 0.019501953125000002 0.0378125 0.03357421875
1 0.247509765625 0.22218749999999998 0.04474609375 0.0390234375
0 0.33016601562500003 0.407119140625 0.03509765625 0.03306640625
0 0.324765625 0.3453515625 0.0330859375 0.0290234375
0 0.168173828125 0.26958984375 0.02970703125 0.0341015625
0 0.20327148437499998 0.259462890625 0.05197265625 0.05435546875
0 0.26654296875 0.162177734375 0.0375 0.03380859375
0 0.116953125 0.14544921875 0.041953125 0.0378515625