0 0.9496875 0.33433593749999996 0.0690234375 0.04984375
0 0.88734375 0.17466796874999999 0.0408203125 0.0478125
0 0.9297460937500001 0.0960546875 0.0758203125 0.06125
0 0.798408203125 0.126845703125 0.08689453125 0.07232421875
0 0.6514355468749999 0.15250976562500002 0.06822265625 0.07349609375
0 0.506513671875 0.15076171875 0.12248046875 0.116640625
0 0.7343847656250001 0.28848632812499997 0.03357421875 0.04388671875
0 0.768974609375 0.296376953125 0.03443359375 0.03494140625
0 0.429521484375 0.01572265625 0.07216796875 0.0314453125
0 0.31871093749999996 0.24677734375 0.0566796875 0.0581640625
0 0.5530371093750001 0.028857421875 0.06248046875 0.05771484375