0 0.6900097656249999 0.217470703125 0.04958984375 0.04857421875
0 0.729375 0.155078125 0.130390625 0.143671875
0 0.7712988281250001 0.09884765625 0.12423828125 0.109921875
0 0.784853515625 0.054921875 0.12373046875 0.10984375
0 0.92111328125 0.12821289062500002 0.0700390625 0.08083984375
0 0.79046875 0.966416015625 0.1510546875 0.06716796875
0 0.9778125 0.15123046875 0.044375 0.0675390625
0 0.681376953125 0.95212890625 0.07763671875 0.0957421875
0 0.589814453125 0.870419921875 0.08228515625 0.08865234375
0 0.511376953125 0.7660253906250001 0.04669921875 0.05482421875
0 0.5437402343750001 0.83921875 0.07412109375 0.092734375
0 0.5047070312499999 0.920576171875 0.1498828125 0.13181640625
0 0.38164062499999996 0.8575976562500001 0.1323828125 0.116640625
0 0.41576171875 0.802197265625 0.131796875 0.11197265625
0 0.1158203125 0.6423828125 0.042578125 0.041796875
0 0.075380859375 0.71298828125 0.10548828125 0.1048828125
0 0.029794921875 0.70572265625 0.05283203125 0.0549609375
1 0.278681640625 0.30997070312499997 0.25658203125 0.28556640625
0 0.235888671875 0.590634765625 0.06626953125 0.06666015625
0 0.49273437499999995 0.334091796875 0.075625 0.06037109375
0 0.535859375 0.217802734375 0.13140625 0.18853515625
0 0.8768750000000001 0.100888671875 0.079765625 0.07517578125
0 0.22544921875 0.7759082031250001 0.179765625 0.18474609375
0 0.9013671875 0.3908203125 0.197265625 0.218359375
0 0.9629296875000001 0.568994140625 0.074140625 0.06462890625
0 0.7136621093750001 0.71626953125 0.11001953125 0.0948828125
0 0.81875 0.9273339843749999 0.2554296875 0.14533203125