0 0.517763671875 0.413779296875 0.13173828125 0.12732421875
1 0.384052734375 0.43865234374999995 0.07951171875 0.0874609375
0 0.33125000000000004 0.15705078125 0.1569140625 0.1441796875
0 0.127099609375 0.147509765625 0.04357421875 0.05087890625
0 0.19707031249999998 0.48148437499999996 0.12203125 0.10390625
0 0.1106640625 0.42317382812500004 0.1230859375 0.09966796875
0 0.043330078125 0.369736328125 0.08666015625 0.08904296875
0 0.04900390625 0.582734375 0.0980078125 0.111328125
0 0.08373046875000001 0.7382617187499999 0.054765625 0.0511328125
0 0.178984375 0.71501953125 0.1183984375 0.1183984375
0 0.254521484375 0.8095507812499999 0.11220703125 0.1219140625
0 0.327861328125 0.603251953125 0.11396484375 0.11927734375
0 0.39809570312500003 0.686748046875 0.11837890625 0.10779296875
0 0.4894921875 0.774658203125 0.1315625 0.14224609375
0 0.384404296875 0.9102734375 0.11396484375 0.1183984375
0 0.54955078125 0.942763671875 0.1936328125 0.11447265625
1 0.20361328125 0.235615234375 0.0869140625 0.08384765625
0 0.430625 0.321220703125 0.1207421875 0.11412109375
0 0.949833984375 0.192939453125 0.10033203125 0.12595703125
0 0.7520996093750001 0.31443359375 0.22646484375 0.2162890625
0 0.650166015625 0.45053710937499997 0.21970703125 0.21474609375