0 0.77431640625 0.2748828125 0.0503125 0.0478515625
0 0.113642578125 0.35197265625 0.08193359375 0.083984375
0 0.33164062499999997 0.0195703125 0.04765625 0.039140625
0 0.0744921875 0.21585937500000002 0.0930859375 0.1266796875
0 0.38522460937499997 0.123125 0.08607421875 0.082578125
0 0.32814453125 0.169306640625 0.0784375 0.08677734375
0 0.276005859375 0.213408203125 0.08333984375 0.07837890625
0 0.22072265625 0.2571484375 0.080546875 0.08328125
0 0.037880859375 0.563037109375 0.07576171875 0.10306640625
0 0.466748046875 0.03322265625 0.10916015625 0.0664453125
0 0.257109375 0.049296875 0.084765625 0.0846875
0 0.72498046875 0.043369140625 0.117578125 0.08673828125
0 0.797421875 0.11927734374999999 0.129453125 0.1420703125
0 0.885947265625 0.220400390625 0.12318359375 0.13158203125
0 0.921640625 0.06958984375 0.114765625 0.1070703125
2 0.646962890625 0.19310546875 0.12107421875 0.1273828125
0 0.2464453125 0.783671875 0.1150390625 0.1206640625
0 0.17453125 0.13607421875 0.147734375 0.1560546875
0 0.041728515625 0.73951171875 0.08345703125 0.1075
0 0.11449218750000001 0.67232421875 0.1159765625 0.110859375
0 0.31351562499999996 0.5644140625 0.094140625 0.0881640625
0 0.364326171875 0.5203320312499999 0.08826171875 0.090703125
0 0.417236328125 0.472880859375 0.07986328125 0.08650390625
0 0.47056640625 0.4287890625 0.087421875 0.090703125
0 0.524736328125 0.37671875 0.09498046875 0.0890234375
0 0.575126953125 0.33052734375000004 0.08994140625 0.08734375
0 0.319306640625 0.859599609375 0.11349609375 0.11197265625
0 0.325703125 0.666845703125 0.1150390625 0.11197265625
0 0.401123046875 0.7471093750000001 0.10634765625 0.106875
0 0.46345703125 0.62015625 0.1272265625 0.0954296875
0 0.5026953125 0.68376953125 0.08484375 0.1144921875
0 0.532353515625 0.65091796875 0.09115234375 0.1251171875
0 0.168212890625 0.30473632812499996 0.08759765625 0.08048828125
0 0.37423828125 0.322978515625 0.07640625 0.08166015625
0 0.4246875 0.273408203125 0.0909765625 0.08630859375
0 0.5347265625000001 0.511982421875 0.076953125 0.07509765625
0 0.47980468750000005 0.22529296875 0.0822265625 0.0822265625
0 0.631083984375 0.6051953125 0.11927734375 0.1325390625
0 0.13001953125 0.87658203125 0.1059765625 0.1067578125
0 0.21423828125 0.94654296875 0.1395703125 0.1069140625
0 0.6411914062499999 0.7341894531250001 0.1184765625 0.12369140625
0 0.5721484375 0.8145019531250001 0.10125 0.10685546875
0 0.52373046875 0.8795898437499999 0.0905078125 0.0935546875
0 0.48419921875 0.9346582031249999 0.08078125 0.08435546875
0 0.424638671875 0.96873046875 0.08744140625 0.0625390625