0 0.76970703125 0.6683203124999999 0.2263671875 0.1402734375
0 0.0489453125 0.6456933593749999 0.097890625 0.19072265625
0 0.820869140625 0.9735937499999999 0.12888671875 0.0528125
0 0.301494140625 0.729912109375 0.05650390625 0.05650390625
0 0.833740234375 0.8438769531250001 0.14634765625 0.15173828125
0 0.7145214843750001 0.446015625 0.12568359375 0.25296875
0 0.53416015625 0.712763671875 0.0933203125 0.15873046875
0 0.9766113281250001 0.6057714843750001 0.04677734375 0.06927734375
0 0.42559570312499995 0.735751953125 0.14337890625 0.19072265625
0 0.97609375 0.749267578125 0.0478125 0.07830078125
0 0.954599609375 0.9538085937499999 0.07251953125 0.0923828125