0 0.1391796875 0.237431640625 0.0518359375 0.05630859375
0 0.35083984375 0.51486328125 0.0458984375 0.0458984375
0 0.235673828125 0.81986328125 0.04986328125 0.0534765625
0 0.071650390625 0.8931640625 0.04337890625 0.05265625
0 0.038232421875 0.950478515625 0.06482421875 0.07654296875
0 0.19681640625000002 0.909375 0.0692578125 0.07046875
0 0.25755859375 0.625263671875 0.053046875 0.04982421875
0 0.48427734375000003 0.281982421875 0.120703125 0.10650390625
0 0.06788085937499999 0.33240234375 0.06404296875 0.05265625
0 0.144072265625 0.10236328125 0.06439453125 0.0733203125
0 0.315908203125 0.545400390625 0.04353515625 0.04826171875
0 0.16283203125 0.768623046875 0.04859375 0.05201171875
0 0.516650390625 0.450654296875 0.05318359375 0.05248046875
0 0.397685546875 0.5923046875 0.04083984375 0.0421875
0 0.45791992187499997 0.5205859374999999 0.03982421875 0.0458984375