0 0.124638671875 0.9856445312500001 0.04009765625 0.0287109375
0 0.597919921875 0.897373046875 0.02658203125 0.06083984375
0 0.799560546875 0.15529296875 0.03310546875 0.03546875
0 0.586455078125 0.04958984375 0.04525390625 0.03109375
0 0.68146484375 0.0469140625 0.0214453125 0.0316015625
0 0.833330078125 0.06271484375 0.03552734375 0.0388671875
0 0.9572949218750001 0.101103515625 0.02673828125 0.03498046875
0 0.798095703125 0.014833984375 0.03892578125 0.02966796875
0 0.791064453125 0.259541015625 0.04427734375 0.05443359375
0 0.873427734375 0.23183593749999998 0.04087890625 0.033046875
0 0.97609375 0.29671875000000003 0.0478125 0.05296875
0 0.196630859375 0.52951171875 0.02392578125 0.0236328125
0 0.65162109375 0.8778515625 0.044140625 0.0364453125
0 0.5251855468750001 0.91458984375 0.03119140625 0.033203125
1 0.056220703125 0.753955078125 0.07931640625 0.05423828125
0 0.19138671875 0.70509765625 0.0250390625 0.028125
0 0.11281250000000001 0.7079589843749999 0.0603515625 0.03037109375
0 0.113212890625 0.66361328125 0.02388671875 0.0210546875
0 0.058134765625 0.694794921875 0.04658203125 0.04779296875
0 0.12273437499999999 0.838984375 0.024296875 0.0275390625