0 0.509716796875 0.361142578125 0.06853515625 0.05982421875
0 0.933583984375 0.866982421875 0.07279296875 0.07775390625
0 0.8776171875000001 0.729638671875 0.038046875 0.03802734375
0 0.141142578125 0.8315136718749999 0.09455078125 0.04083984375
0 0.2673046875 0.83291015625 0.0671484375 0.0749609375
0 0.110927734375 0.91431640625 0.03189453125 0.01734375
0 0.1615625 0.934736328125 0.059296875 0.03693359375
0 0.251416015625 0.65388671875 0.06376953125 0.064453125
0 0.049765625 0.528544921875 0.047734375 0.05974609375
0 0.498271484375 0.5332519531250001 0.05841796875 0.04900390625
0 0.7685546875 0.467890625 0.0315625 0.0302734375
0 0.5234765625 0.45077148437500003 0.0732421875 0.08466796875
0 0.05119140625 0.7225976562499999 0.031328125 0.0346875
0 0.096806640625 0.6352929687500001 0.07451171875 0.0490234375