0 0.76146484375 0.25171875 0.0603125 0.0447265625
0 0.39152343749999996 0.11838867187499999 0.063515625 0.11373046875
0 0.12935546875 0.27439453125 0.08046875 0.0758203125
0 0.6703125 0.72810546875 0.0328125 0.0297265625
0 0.3874609375 0.392587890625 0.0722265625 0.06466796875
0 0.35099609375 0.041962890625 0.02046875 0.02279296875
0 0.29267578125 0.048662109375 0.0228125 0.02572265625
0 0.6388671874999999 0.22083984375 0.03109375 0.0219140625
0 0.6399609374999999 0.41792968750000004 0.0418359375 0.0544140625
0 0.611796875 0.280146484375 0.0495703125 0.05005859375
0 0.727197265625 0.156220703125 0.04912109375 0.04810546875
0 0.7429882812499999 0.073603515625 0.0515625 0.05005859375
0 0.964736328125 0.11544921875 0.06318359375 0.0383984375
0 0.575927734375 0.2249609375 0.03451171875 0.0282421875
0 0.603955078125 0.18460937500000002 0.04724609375 0.0374609375
0 0.161142578125 0.153095703125 0.03673828125 0.02916015625
0 0.352412109375 0.22162109375 0.06236328125 0.060078125
0 0.22412109375 0.302978515625 0.0507421875 0.03849609375
0 0.042744140624999996 0.34205078125000005 0.03791015625 0.0431640625