0 0.48154296875 0.08185546875 0.06171875 0.06171875
0 0.670849609375 0.1931640625 0.22841796875 0.1287890625
0 0.8263378906250001 0.347705078125 0.13904296875 0.24447265625
0 0.334833984375 0.633564453125 0.24865234375 0.14662109375
0 0.91171875 0.5101171875 0.07546875 0.116015625
0 0.3229296875 0.061904296875 0.2409765625 0.10044921875
0 0.32585937499999995 0.21011718750000002 0.292265625 0.0998828125
0 0.308740234375 0.10987304687499999 0.23939453125 0.09845703125
0 0.769365234375 0.63236328125 0.06005859375 0.0591015625
0 0.9050781250000001 0.6890625 0.03828125 0.039453125
0 0.70169921875 0.68064453125 0.0415234375 0.0448828125
1 0.148388671875 0.913076171875 0.17705078125 0.13150390625
0 0.05978515625 0.2345703125 0.1195703125 0.408203125