0 0.7017578125 0.5159375 0.03015625 0.045078125
0 0.603232421875 0.4127734375 0.03783203125 0.039375
0 0.19966796875 0.5624316406250001 0.03015625 0.03068359375
0 0.773388671875 0.6964550781250001 0.02455078125 0.02869140625
0 0.43818359375 0.5550195312499999 0.0306640625 0.039375
0 0.493408203125 0.45096679687499996 0.04396484375 0.04705078125
0 0.687734375 0.37812500000000004 0.035859375 0.036328125
0 0.550927734375 0.24388671875 0.04244140625 0.034765625
0 0.10763671875 0.25232421875 0.016875 0.0230078125
0 0.7547167968749999 0.18791015625 0.04185546875 0.0444921875
0 0.662392578125 0.306015625 0.03220703125 0.029140625
0 0.7641406249999999 0.35076171875 0.0352734375 0.046015625
0 0.717353515625 0.444326171875 0.04603515625 0.03884765625
0 0.5810937500000001 0.49494140625000005 0.03015625 0.0286328125
0 0.552978515625 0.536103515625 0.02505859375 0.02607421875
0 0.509765625 0.7073828124999999 0.0398828125 0.040390625
0 0.5608984375 0.816796875 0.03578125 0.0352734375
0 0.6135644531250001 0.8129687499999999 0.03580078125 0.0296484375
0 0.616123046875 0.73703125 0.02658203125 0.0230078125
0 0.69359375 0.6399121093750001 0.035234375 0.02408203125
0 0.777685546875 0.6094726562499999 0.02759765625 0.0296484375
0 0.8205273437499999 0.49203125000000003 0.023515625 0.017890625
0 0.843388671875 0.40213867187499996 0.04548828125 0.04654296875
0 0.603837890625 0.593623046875 0.02556640625 0.01943359375
0 0.5432519531250001 0.58365234375 0.01994140625 0.0230078125
0 0.29348632812500003 0.7308984374999999 0.03169921875 0.0332421875
0 0.03861328125 0.97607421875 0.029140625 0.03375
0 0.217822265625 0.89962890625 0.03580078125 0.0362890625
0 0.41645507812500004 0.8364843750000001 0.04244140625 0.03578125
0 0.61806640625 0.66509765625 0.0286328125 0.034765625
0 0.55015625 0.7004785156250001 0.03375 0.04091796875
0 0.33107421875 0.779736328125 0.0444921875 0.03068359375
0 0.31106445312500003 0.871279296875 0.02939453125 0.03876953125
0 0.39181640624999997 0.7487890625 0.036640625 0.0323828125
0 0.237109375 0.784228515625 0.0276953125 0.02427734375
0 0.072099609375 0.355615234375 0.02353515625 0.02708984375
0 0.046279296875 0.4379296875 0.02810546875 0.0230078125
0 0.10482421875 0.405458984375 0.034765625 0.03068359375
0 0.234951171875 0.3609765625 0.03833984375 0.03375
0 0.18381835937500002 0.4351171875 0.03220703125 0.0521484375
0 0.13447265625000002 0.5736816406249999 0.034765625 0.05623046875
0 0.043974609375 0.617392578125 0.03580078125 0.03630859375
0 0.054208984375000005 0.69537109375 0.03169921875 0.032734375
0 0.10533203125 0.8896582031250001 0.0286328125 0.02966796875
0 0.266806640625 0.80595703125 0.03783203125 0.0342578125
0 0.192255859375 0.7270703125 0.02556640625 0.0388671875
0 0.183818359375 0.645009765625 0.02404296875 0.03017578125
0 0.2853125 0.6012890625 0.0286328125 0.0378515625
0 0.710048828125 0.5528710937500001 0.03580078125 0.0306640625
0 0.530703125 0.44791015624999997 0.031953125 0.0365625
0 0.12412109375 0.862294921875 0.02484375 0.03337890625
0 0.396240234375 0.40885742187499996 0.03068359375 0.03033203125
0 0.4262890625 0.880478515625 0.0268359375 0.04814453125