0 0.0315625 0.22787109375 0.063125 0.1569140625
0 0.08162109375 0.3710546875 0.0775 0.059453125
0 0.034970703124999995 0.434091796875 0.06900390625 0.06466796875
0 0.063369140625 0.657802734375 0.12673828125 0.07740234375
1 0.46725585937499997 0.079326171875 0.11392578125 0.12103515625
1 0.655888671875 0.695380859375 0.16791015625 0.18580078125
0 0.7657128906249999 0.8516210937500001 0.07720703125 0.079765625
0 0.8818066406249999 0.50802734375 0.08283203125 0.1024609375
0 0.21700195312499998 0.47795898437499995 0.10275390625 0.11810546875
0 0.162802734375 0.5786914062499999 0.10173828125 0.121171875
0 0.208798828125 0.23991210937500002 0.08439453125 0.12435546875
0 0.24611328125 0.37359374999999995 0.1067578125 0.1527734375
0 0.402802734375 0.39421875 0.03498046875 0.0521484375
0 0.474658203125 0.5766210937499999 0.15681640625 0.1501953125
0 0.0588671875 0.9485644531249999 0.117734375 0.10287109375
0 0.71857421875 0.5298046875 0.1540625 0.100625
0 0.336337890625 0.039619140625 0.12193359375 0.07923828125
0 0.599541015625 0.030126953124999998 0.08916015625 0.04130859375
0 0.169091796875 0.05509765625 0.08705078125 0.1101953125