0 0.9414453125000001 0.8293359375 0.117109375 0.111328125
1 0.7708691406250001 0.418955078125 0.18931640625 0.17251953125
0 0.56552734375 0.024365234375 0.1389453125 0.04873046875
0 0.029013671875 0.13330078125 0.05802734375 0.0975390625
0 0.1522265625 0.25279296875 0.1580859375 0.141015625
0 0.040361328125 0.314287109375 0.08072265625 0.10072265625
0 0.0207421875 0.4658984375 0.041484375 0.0731640625
0 0.1194140625 0.5968359375 0.1516015625 0.135703125
0 0.21229492187500001 0.457734375 0.09435546875 0.0954296875
0 0.32415039062499995 0.384052734375 0.14630859375 0.13677734375
0 0.3006640625 0.534814453125 0.094453125 0.09435546875
1 0.23296875 0.748759765625 0.120859375 0.07314453125
0 0.085947265625 0.9293554687500001 0.17189453125 0.1412890625
0 0.51126953125 0.916806640625 0.1346484375 0.11873046875
0 0.5943945312500001 0.964345703125 0.1134375 0.07130859375
0 0.6452832031250001 0.85234375 0.10072265625 0.091171875
1 0.54296875 0.79775390625 0.0890625 0.0752734375
0 0.8085546875 0.9701757812499999 0.09859375 0.0596484375