0 0.6444726562499999 0.105322265625 0.1257421875 0.07904296875
0 0.36390625 0.591943359375 0.0606640625 0.04076171875
0 0.67064453125 0.4421484375 0.072265625 0.086484375
0 0.6351074218749999 0.514619140625 0.07068359375 0.09794921875
0 0.559912109375 0.82416015625 0.08080078125 0.0801953125
1 0.290888671875 0.695087890625 0.11927734375 0.08833984375
0 0.274248046875 0.9810253906249999 0.04638671875 0.03794921875
0 0.263203125 0.9200976562500001 0.1450390625 0.116328125
0 0.30994140625 0.8276953125000001 0.1796484375 0.0787890625
0 0.84376953125 0.411513671875 0.10859375 0.08896484375
0 0.874755859375 0.486064453125 0.11044921875 0.13005859375
0 0.945302734375 0.583310546875 0.10552734375 0.12208984375
0 0.9735742187499999 0.67564453125 0.0528515625 0.1067578125
0 0.512998046875 0.7695605468750001 0.07115234375 0.06654296875
0 0.898427734375 0.10908203125 0.12169921875 0.06484375
0 0.6935546875 0.388232421875 0.0612109375 0.05845703125
0 0.95765625 0.318173828125 0.0846875 0.16173828125
0 0.8212890625 0.709453125 0.173515625 0.2178125
0 0.6825488281250001 0.91673828125 0.05630859375 0.0580078125
0 0.6424902343750001 0.583701171875 0.02943359375 0.02701171875
0 0.692744140625 0.712841796875 0.04076171875 0.04076171875
0 0.42451171875 0.684638671875 0.036953125 0.02701171875
0 0.0828125 0.63791015625 0.165625 0.0829296875
0 0.34281249999999996 0.445341796875 0.429921875 0.15923828125
0 0.054541015625 0.34610351562499997 0.10908203125 0.06767578125
0 0.331650390625 0.164189453125 0.10900390625 0.09873046875
0 0.4705859375 0.06326171875 0.078671875 0.1265234375
0 0.662548828125 0.039169921875 0.12005859375 0.07833984375
0 0.77412109375 0.0520703125 0.128359375 0.0604296875
0 0.561728515625 0.28560546875000004 0.10697265625 0.2291796875
0 0.7741406249999999 0.10728515625 0.121171875 0.0705859375