0 0.908310546875 0.105791015625 0.08318359375 0.11412109375
0 0.782333984375 0.06595703125 0.09130859375 0.1319140625
0 0.612998046875 0.09541015625 0.12076171875 0.1908203125
0 0.35306640624999996 0.062275390625 0.3534765625 0.12455078125
0 0.26916015625 0.2662890625 0.2458984375 0.29671875
0 0.65421875 0.337705078125 0.2768359375 0.23927734375
0 0.93591796875 0.32408203125 0.0824609375 0.088359375
0 0.6078125000000001 0.602021484375 0.145859375 0.15240234375
0 0.539365234375 0.67638671875 0.06037109375 0.0596484375
0 0.37776367187500004 0.607548828125 0.08466796875 0.12220703125
0 0.186337890625 0.5898828125000001 0.08908203125 0.12515625
1 0.28208984375 0.702998046875 0.0971875 0.08041015625
1 0.060947265625000004 0.7573046874999999 0.10162109375 0.0584375
0 0.05498046875 0.89669921875 0.1099609375 0.2066015625
0 0.8217968750000001 0.68265625 0.1207421875 0.1119140625
0 0.7776269531250001 0.726083984375 0.08392578125 0.07068359375
0 0.929814453125 0.71283203125 0.08541015625 0.0787890625
0 0.90625 0.744853515625 0.060390625 0.04123046875