0 0.620390625 0.41744140625000004 0.07953125 0.06890625
0 0.41359375 0.04041015625 0.0955078125 0.0808203125
0 0.8328027343750001 0.057216796874999996 0.12833984375 0.11197265625
0 0.929697265625 0.118837890625 0.13087890625 0.11146484375
0 0.9824902343749999 0.163056640625 0.03501953125 0.07822265625
0 0.5587109375 0.5791210937500001 0.0455078125 0.0365234375
0 0.855146484375 0.75048828125 0.02744140625 0.0169921875
0 0.875712890625 0.756650390625 0.02470703125 0.02935546875
0 0.9630859374999999 0.6270507812499999 0.073828125 0.0853125
0 0.34587890625 0.028046875 0.111328125 0.05609375
0 0.8152050781250001 0.54953125 0.06802734375 0.0698046875
0 0.76837890625 0.512421875 0.0698046875 0.0644921875
0 0.7140429687500001 0.47885742187499997 0.0866015625 0.06802734375
0 0.66677734375 0.44571289062499997 0.0786328125 0.07244140625
0 0.57974609375 0.38166015625 0.0759765625 0.0733203125