0 0.17845703125 0.014189453125 0.0989453125 0.02837890625
0 0.045556640625000006 0.041591796874999996 0.03458984375 0.01947265625
3 0.585869140625 0.6259765625 0.04427734375 0.046484375
1 0.95908203125 0.88357421875 0.0818359375 0.0858984375
0 0.673203125 0.06333984375 0.321328125 0.12578125
0 0.026591796875 0.18050781249999998 0.05318359375 0.0881640625
0 0.10169921874999999 0.16694335937500002 0.036484375 0.03263671875
0 0.9709863281250001 0.44806640625 0.05802734375 0.046171875
0 0.190517578125 0.08497070312499999 0.04494140625 0.02103515625
0 0.139599609375 0.278056640625 0.17787109375 0.15427734375
0 0.154228515625 0.17586914062499998 0.01755859375 0.02138671875
0 0.57369140625 0.189580078125 0.181875 0.10646484375
0 0.9434765625 0.272705078125 0.0941796875 0.10072265625
0 0.823095703125 0.28826171875 0.09908203125 0.0826953125
0 0.322822265625 0.939716796875 0.16896484375 0.10236328125
0 0.931181640625 0.036806640625 0.13763671875 0.06486328125
0 0.261728515625 0.23894531249999998 0.02412109375 0.02578125