0 0.2396484375 0.8621582031249999 0.0965625 0.11267578125
0 0.70091796875 0.466494140625 0.106640625 0.12623046875
0 0.37260742187499996 0.360908203125 0.09623046875 0.09861328125
0 0.83505859375 0.53994140625 0.104453125 0.1318359375
0 0.9611328124999999 0.637578125 0.077734375 0.1464453125
0 0.8446777343749999 0.8052832031249999 0.18318359375 0.21228515625
0 0.63384765625 0.7029394531250001 0.1767578125 0.22919921875
0 0.14253906249999998 0.9498828125000001 0.1073046875 0.100234375
0 0.365615234375 0.905009765625 0.14638671875 0.16330078125
0 0.4778515625 0.69796875 0.1540234375 0.184296875
0 0.33382812500000003 0.55771484375 0.118984375 0.1300390625
0 0.07951171875 0.554716796875 0.1590234375 0.15794921875