0 0.261298828125 0.9798046874999999 0.03072265625 0.040390625
0 0.33217773437500003 0.9353320312500001 0.02169921875 0.0282421875
0 0.33560546874999997 0.8970703125 0.0334765625 0.0394921875
0 0.943525390625 0.608212890625 0.02806640625 0.03396484375
0 0.9888574218749999 0.4466796875 0.02228515625 0.035546875
0 0.0155859375 0.936083984375 0.0284375 0.01935546875
0 0.1321875 0.554267578125 0.0374609375 0.02091796875
0 0.011044921875 0.7394140625 0.02091796875 0.043046875
0 0.009765625 0.7935058593750001 0.01953125 0.03041015625
0 0.330390625 0.7831250000000001 0.0280078125 0.03921875
0 0.26171875 0.87109375 0.01875 0.022265625
0 0.9850683593749999 0.523603515625 0.02986328125 0.04662109375
0 0.25509765625 0.4991015625 0.01484375 0.02734375
0 0.074150390625 0.5978125 0.03138671875 0.0236328125
0 0.115986328125 0.6015136718749999 0.04083984375 0.02498046875
0 0.08205078125 0.53171875 0.04140625 0.0140625
0 0.07638671875 0.51677734375 0.0390625 0.0330078125
0 0.33515625 0.9902734375 0.0220703125 0.011328125
0 0.975498046875 0.5771191406249999 0.03353515625 0.03595703125
0 0.900869140625 0.471962890625 0.03044921875 0.03869140625
0 0.698095703125 0.5357421874999999 0.04029296875 0.0335546875
0 0.97373046875 0.483017578125 0.0253125 0.03001953125
0 0.902470703125 0.6903515625 0.02568359375 0.0284375
0 0.9269531249999999 0.6540234375 0.043046875 0.0308203125
0 0.9878808593749999 0.6292578125 0.02423828125 0.0383203125
0 0.989267578125 0.757197265625 0.02146484375 0.02490234375
0 0.777080078125 0.518369140625 0.04029296875 0.02646484375
0 0.9131738281249999 0.879892578125 0.02302734375 0.03291015625
0 0.083515625 0.9463281250000001 0.020546875 0.0130859375
0 0.07896484375 0.963310546875 0.0114453125 0.01228515625
0 0.150068359375 0.9598046875 0.02251953125 0.0121875
0 0.3294921875 0.8258984375 0.0134765625 0.0189453125
0 0.01134765625 0.86203125 0.0226953125 0.0323828125
0 0.963271484375 0.220390625 0.02888671875 0.0323828125
0 0.92814453125 0.27232421875 0.02171875 0.0169921875
0 0.8744140625000001 0.417861328125 0.04703125 0.04029296875
0 0.742900390625 0.417265625 0.04310546875 0.0659375
0 0.01025390625 0.8205664062500001 0.0193359375 0.0252734375
0 0.9726074218749999 0.665966796875 0.03080078125 0.02650390625
0 0.401220703125 0.7427734375 0.01427734375 0.03984375
0 0.95009765625 0.730927734375 0.0316015625 0.03005859375
0 0.963525390625 0.937666015625 0.03158203125 0.02666015625
0 0.76423828125 0.9689257812500001 0.0848828125 0.0621484375
0 0.283076171875 0.9398535156250001 0.02279296875 0.04115234375
0 0.431044921875 0.9228515625 0.01373046875 0.0351171875
0 0.344111328125 0.5693164062499999 0.02990234375 0.030390625
0 0.86533203125 0.6038671875 0.0217578125 0.0237109375
0 0.7891308593749999 0.601298828125 0.02330078125 0.01935546875
0 0.35880859375 0.704384765625 0.0194921875 0.01806640625