0 0.931298828125 0.7737109375 0.13740234375 0.11265625
1 0.670302734375 0.8103613281250001 0.10177734375 0.07634765625
0 0.647197265625 0.2680859375 0.14623046875 0.0915234375
0 0.81916015625 0.32065429687499997 0.2245703125 0.12087890625
0 0.67982421875 0.35556640624999997 0.180390625 0.1196484375
0 0.135400390625 0.17195312499999998 0.09919921875 0.1723046875
0 0.093857421875 0.3056640625 0.09158203125 0.119140625
0 0.05294921875 0.457509765625 0.1058984375 0.19787109375
0 0.15874023437499998 0.42662109375 0.04615234375 0.039453125
0 0.133193359375 0.036865234375 0.08587890625 0.07373046875
1 0.89119140625 0.635849609375 0.09984375 0.09275390625
1 0.357119140625 0.072138671875 0.10900390625 0.08099609375
0 0.88150390625 0.962216796875 0.15796875 0.07556640625
0 0.506943359375 0.855927734375 0.11396484375 0.11927734375
0 0.298388671875 0.881552734375 0.11583984375 0.15814453125
0 0.37642578125000004 0.78873046875 0.066875 0.0730078125
0 0.3712109375 0.5758203125 0.17375 0.17890625
0 0.54533203125 0.6409765625 0.170078125 0.1016015625
0 0.62375 0.4632421875 0.228984375 0.1185546875
0 0.43747070312499997 0.406181640625 0.16935546875 0.09791015625