0 0.94623046875 0.73013671875 0.0927734375 0.083203125
0 0.78099609375 0.1372265625 0.0521484375 0.0466796875
0 0.6211621093749999 0.2228515625 0.09939453125 0.27546875
0 0.257978515625 0.26884765625 0.05326171875 0.038359375
1 0.232080078125 0.577265625 0.18982421875 0.1587890625
0 0.600673828125 0.057119140624999995 0.04396484375 0.04396484375
0 0.933271484375 0.271865234375 0.07107421875 0.06443359375
0 0.92662109375 0.37923828125000003 0.0577734375 0.05625
0 0.771455078125 0.22169921874999998 0.03783203125 0.04140625
0 0.9603710937500001 0.170830078125 0.0792578125 0.05931640625
0 0.93224609375 0.09720703124999999 0.039375 0.034765625
0 0.9688085937500001 0.049140625 0.0623828125 0.048046875
1 0.868427734375 0.067939453125 0.09693359375 0.05279296875
0 0.8227050781249999 0.100126953125 0.02810546875 0.02662109375
1 0.93970703125 0.572099609375 0.1205859375 0.08396484375
0 0.6990917968749999 0.394306640625 0.16076171875 0.08103515625