0 0.851806640625 0.8301953125 0.13775390625 0.078046875
0 0.742138671875 0.903447265625 0.13474609375 0.07583984375
0 0.51720703125 0.928720703125 0.1325390625 0.14255859375
0 0.8091015625000001 0.6056347656250001 0.0597265625 0.07951171875
0 0.753515625 0.545263671875 0.1105078125 0.08099609375
0 0.6523046875 0.6280859375 0.170078125 0.198046875
0 0.540771484375 0.4848828125 0.16787109375 0.0971875
0 0.43728515625000003 0.328056640625 0.07296875 0.11337890625
0 0.154609375 0.29865234375 0.1198046875 0.1135546875
0 0.219228515625 0.2069921875 0.17080078125 0.2078125
0 0.39470703125 0.11939453125 0.1125 0.2387890625
0 0.946162109375 0.241396484375 0.10767578125 0.07107421875
0 0.9641796874999999 0.6235839843750001 0.071640625 0.12271484375
0 0.9396093750000001 0.509814453125 0.0848828125 0.11810546875
0 0.9109765625 0.394521484375 0.0848828125 0.12373046875