0 0.620810546875 0.724638671875 0.05337890625 0.02767578125
0 0.387041015625 0.248671875 0.06240234375 0.098828125
0 0.04169921875 0.51203125 0.0595703125 0.085703125
0 0.0923046875 0.765302734375 0.184609375 0.09591796875
0 0.380517578125 0.784228515625 0.30185546875 0.11900390625
0 0.794833984375 0.861142578125 0.17849609375 0.12771484375
0 0.43638671874999996 0.6253320312499999 0.24234375 0.0943359375
0 0.458876953125 0.46207031249999997 0.25251953125 0.0870703125
0 0.123681640625 0.656962890625 0.07474609375 0.06130859375
0 0.154853515625 0.17756835937499998 0.25396484375 0.09302734375
0 0.96017578125 0.8495410156250001 0.0796484375 0.20896484375
0 0.916005859375 0.581796875 0.13931640625 0.2684765625
0 0.91455078125 0.3082421875 0.1073828125 0.1857421875
0 0.734599609375 0.226982421875 0.15091796875 0.40052734375
0 0.181552734375 0.035126953125 0.36310546875 0.07025390625
1 0.263134765625 0.67080078125 0.07931640625 0.09796875