1 0.8551953125 0.56494140625 0.100234375 0.068203125
0 0.255419921875 0.51923828125 0.23654296875 0.20046875
0 0.0990234375 0.7377050781250001 0.198046875 0.18474609375
0 0.9791894531249999 0.58349609375 0.04162109375 0.1153515625
0 0.33189453125 0.7944824218750001 0.07140625 0.17302734375
0 0.598212890625 0.86302734375 0.36884765625 0.158359375
0 0.29451171875 0.29671875000000003 0.346796875 0.2365625
0 0.9274023437500001 0.9380273437500001 0.1451953125 0.1239453125
0 0.9334179687499999 0.769814453125 0.1331640625 0.10423828125
0 0.851796875 0.39695312499999996 0.0380859375 0.20046875
0 0.604228515625 0.551298828125 0.24056640625 0.11626953125
0 0.02447265625 0.4449609375 0.0489453125 0.1365234375
0 0.6433203125 0.238486328125 0.230546875 0.24876953125
0 0.86283203125 0.111298828125 0.076171875 0.06216796875