0 0.655224609375 0.640869140625 0.07369140625 0.10021484375
0 0.9163476562499999 0.221201171875 0.1673046875 0.13849609375
0 0.7951074218749999 0.025947265625 0.08548828125 0.05189453125
0 0.02697265625 0.914384765625 0.0539453125 0.05951171875
0 0.02666015625 0.75025390625 0.0533203125 0.0564453125
0 0.04900390625 0.541962890625 0.074921875 0.07423828125
0 0.180302734375 0.5726464843750001 0.11787109375 0.13927734375
0 0.10025390625 0.327890625 0.1276171875 0.1239453125
0 0.2502734375 0.19935546875 0.1269921875 0.120859375
0 0.186162109375 0.278193359375 0.14603515625 0.13990234375
0 0.68802734375 0.7682714843749999 0.0669921875 0.06478515625
0 0.243798828125 0.478154296875 0.09025390625 0.10001953125
0 0.293798828125 0.4063671875 0.10068359375 0.09140625
0 0.38675781249999996 0.360966796875 0.11234375 0.09509765625
0 0.493212890625 0.32046875 0.12275390625 0.0901953125
0 0.654912109375 0.21739257812499999 0.08650390625 0.11841796875
0 0.615029296875 0.113388671875 0.08037109375 0.11779296875
0 0.5702148437500001 0.030927734375 0.07921875 0.06185546875
0 0.46164062499999997 0.1799609375 0.1 0.129453125
0 0.41501953124999996 0.07320312500000001 0.0987890625 0.12578125
0 0.9623632812499999 0.7053515625 0.0752734375 0.11859375
0 0.710107421875 0.375107421875 0.09056640625 0.11779296875
0 0.749501953125 0.48076171875 0.09275390625 0.121484375
0 0.7870507812499999 0.588994140625 0.0971875 0.12736328125
0 0.9022753906250001 0.429228515625 0.08908203125 0.11853515625
0 0.127255859375 0.82173828125 0.07423828125 0.23375
0 0.943876953125 0.53671875 0.08833984375 0.1244140625