0 0.4007421875 0.12208984375 0.299296875 0.131015625
0 0.20134765625 0.154423828125 0.0340625 0.03888671875
0 0.37128906250000004 0.32425781249999996 0.0616015625 0.0776953125
0 0.56375 0.264736328125 0.2589453125 0.11693359375
0 0.87705078125 0.192646484375 0.2458984375 0.11833984375
1 0.619384765625 0.17103515625 0.07138671875 0.0657421875
1 0.40823242187500003 0.593701171875 0.09517578125 0.10216796875
0 0.9374511718749999 0.5871875 0.12509765625 0.0895703125
0 0.74853515625 0.64072265625 0.150546875 0.1098828125
0 0.6127734375 0.663818359375 0.1393359375 0.10146484375
0 0.053388671875 0.4674609375 0.10677734375 0.1058203125
0 0.08966796875 0.658427734375 0.1793359375 0.14107421875
0 0.223671875 0.3152734375 0.11890625 0.0957421875
0 0.099208984375 0.27546875 0.14208984375 0.10078125