0 0.38687499999999997 0.67482421875 0.090234375 0.0917578125
3 0.305966796875 0.346572265625 0.10548828125 0.09787109375
3 0.307490234375 0.18703124999999998 0.10548828125 0.099375
3 0.28535156250000004 0.060312500000000005 0.0520703125 0.0444140625
0 0.5891699218750001 0.42367187500000003 0.12228515625 0.1421484375
0 0.810654296875 0.85123046875 0.37869140625 0.2519140625
0 0.073408203125 0.06766601562499999 0.08748046875 0.08482421875
0 0.12352539062500001 0.63283203125 0.08259765625 0.0780078125
0 0.283828125 0.6534375 0.1283984375 0.0948046875
0 0.9635937499999999 0.526865234375 0.04109375 0.05458984375
0 0.43419921875 0.5931347656249999 0.05359375 0.04748046875
0 0.517265625 0.150166015625 0.0724609375 0.07685546875
0 0.5805371093749999 0.822275390625 0.06748046875 0.05888671875
3 0.929794921875 0.49611328125000004 0.02505859375 0.023515625
3 0.92162109375 0.521689453125 0.03015625 0.02658203125
3 0.894775390625 0.484619140625 0.02658203125 0.02505859375
1 0.085595703125 0.7312695312499999 0.08904296875 0.091171875
1 0.30771484375 0.781630859375 0.07421875 0.08482421875
3 0.027451171875 0.33130859375 0.05490234375 0.076484375
3 0.8873632812500001 0.505068359375 0.0250390625 0.02197265625
0 0.736318359375 0.44649414062500004 0.16158203125 0.11958984375
0 0.5503613281249999 0.31028320312499996 0.05400390625 0.05705078125