0 0.336455078125 0.097685546875 0.03166015625 0.04931640625
0 0.63353515625 0.07927734374999999 0.0441796875 0.0566796875
0 0.74544921875 0.06087890625 0.04859375 0.0581640625
0 0.800673828125 0.06529296875 0.05447265625 0.0787890625
0 0.88240234375 0.161005859375 0.04859375 0.04638671875
1 0.72078125 0.193037109375 0.09203125 0.08392578125
0 0.36001953125 0.266650390625 0.0478515625 0.04123046875
0 0.847275390625 0.34853515625 0.09275390625 0.2244140625
0 0.9724511718750001 0.399501953125 0.05509765625 0.04505859375
1 0.47708007812500003 0.2637109375 0.09189453125 0.0733203125
0 0.240224609375 0.806044921875 0.06185546875 0.05228515625
0 0.16806640625000002 0.97609375 0.0530078125 0.0478125
0 0.335205078125 0.89623046875 0.05888671875 0.0530078125
0 0.916845703125 0.8159863281249999 0.05595703125 0.06626953125
0 0.9017578125 0.972412109375 0.052265625 0.05517578125