0 0.906171875 0.19982421875 0.036640625 0.0447265625
0 0.353232421875 0.610244140625 0.04861328125 0.06083984375
0 0.525771484375 0.55849609375 0.07822265625 0.096640625
0 0.559306640625 0.405947265625 0.08232421875 0.07673828125
0 0.7142089843749999 0.47857421875 0.06701171875 0.0736328125
0 0.870390625 0.178095703125 0.0502734375 0.03791015625
0 0.9715234374999999 0.5424609375 0.056953125 0.0665234375
0 0.822880859375 0.603056640625 0.11759765625 0.09361328125
1 0.34403320312499996 0.756455078125 0.08037109375 0.07916015625
0 0.454248046875 0.786376953125 0.07669921875 0.06748046875
1 0.869541015625 0.475078125 0.06220703125 0.060078125
0 0.808544921875 0.689482421875 0.04708984375 0.04244140625
0 0.312099609375 0.941298828125 0.07568359375 0.04806640625
0 0.602509765625 0.7153125 0.06544921875 0.0633984375
0 0.196748046875 0.9200878906250001 0.05470703125 0.03630859375
0 0.261943359375 0.864072265625 0.07669921875 0.06548828125
0 0.183740234375 0.86841796875 0.04505859375 0.0516796875
0 0.0709765625 0.878896484375 0.0710546875 0.05935546875
0 0.13251953125 0.6958593750000001 0.0581640625 0.0685546875
0 0.465693359375 0.39896484375 0.06544921875 0.0567578125