0 0.804521484375 0.504853515625 0.02966796875 0.03029296875
0 0.17259765625 0.412001953125 0.018984375 0.02744140625
0 0.154892578125 0.586943359375 0.02306640625 0.01837890625
0 0.06603515625 0.623427734375 0.040625 0.02662109375
0 0.18766601562500002 0.66880859375 0.02169921875 0.02796875
0 0.173955078125 0.605595703125 0.04142578125 0.02935546875
0 0.09359375 0.542373046875 0.03265625 0.02908203125
0 0.760166015625 0.423037109375 0.02830078125 0.01447265625
0 0.9450292968749999 0.889306640625 0.02599609375 0.01974609375
0 0.644716796875 0.69431640625 0.04212890625 0.029296875
0 0.5983203125 0.593125 0.0302734375 0.026328125
0 0.6404394531250001 0.55412109375 0.02896484375 0.0180859375
0 0.731611328125 0.564150390625 0.01974609375 0.01119140625
0 0.62234375 0.76392578125 0.0177734375 0.025
0 0.929921875 0.5456640625 0.0223828125 0.0177734375
0 0.94884765625 0.862568359375 0.0233203125 0.03154296875
0 0.960537109375 0.751513671875 0.03357421875 0.02732421875
0 0.91197265625 0.713837890625 0.02734375 0.03685546875
0 0.947685546875 0.663154296875 0.02306640625 0.01185546875
0 0.834306640625 0.639453125 0.02998046875 0.0434375
0 0.8166992187500001 0.5647558593750001 0.02703125 0.02896484375
0 0.733759765625 0.596337890625 0.02373046875 0.05001953125
0 0.388642578125 0.48835937500000004 0.04052734375 0.0175390625
0 0.88333984375 0.483583984375 0.015625 0.01798828125
0 0.30666015625 0.66927734375 0.030390625 0.022734375
0 0.11833984374999999 0.27475585937499997 0.01875 0.01017578125
0 0.14451171875000002 0.284619140625 0.00859375 0.00998046875
0 0.094658203125 0.37359375 0.04275390625 0.0484375
0 0.131689453125 0.41804687500000004 0.01853515625 0.0166796875
0 0.031064453125000002 0.6101171875 0.02224609375 0.0180859375
0 0.047246093749999996 0.6648535156250001 0.0398046875 0.02388671875
0 0.994873046875 0.6527343750000001 0.01025390625 0.0211328125
0 0.9932226562500001 0.6275000000000001 0.0135546875 0.0233203125
0 0.150654296875 0.41166015625 0.01853515625 0.02265625