0 0.06403320312500001 0.9157226562499999 0.09498046875 0.1685546875
2 0.53392578125 0.9845312500000001 0.0861328125 0.0309375
0 0.844296875 0.8909179687500001 0.2385546875 0.2181640625
0 0.17093750000000002 0.236015625 0.134296875 0.0760546875
0 0.28712890625 0.210439453125 0.1210546875 0.08126953125
0 0.40994140625 0.22987304687500001 0.1245703125 0.11130859375
0 0.505361328125 0.290830078125 0.12634765625 0.10072265625
0 0.6321386718750001 0.3071875 0.13076171875 0.076875
0 0.9198828124999999 0.234248046875 0.160234375 0.08138671875
0 0.8494824218749999 0.338984375 0.07775390625 0.131640625
0 0.925908203125 0.445009765625 0.08041015625 0.13341796875
0 0.6878027343750001 0.49845703125 0.12369140625 0.07421875
0 0.597685546875 0.51392578125 0.06892578125 0.0556640625
0 0.162109375 0.43701171875 0.1272265625 0.076953125
0 0.28226562499999996 0.41055664062499997 0.1183984375 0.07509765625
0 0.3980078125 0.42955078125 0.12015625 0.0954296875
0 0.499169921875 0.49271484374999996 0.13166015625 0.1016015625
0 0.153271484375 0.634921875 0.12544921875 0.076953125
0 0.27078125000000003 0.615087890625 0.1219140625 0.08658203125
0 0.394033203125 0.6248046875 0.12810546875 0.106015625
0 0.4925390625 0.691513671875 0.1272265625 0.10162109375
0 0.61888671875 0.70962890625 0.1272265625 0.0759765625