0 0.601083984375 0.964541015625 0.02302734375 0.01580078125
0 0.840537109375 0.9085351562499999 0.03126953125 0.054296875
0 0.791962890625 0.9849023437500001 0.03357421875 0.0301953125
0 0.587294921875 0.666806640625 0.02435546875 0.02369140625
0 0.6722070312499999 0.658740234375 0.025 0.05431640625
0 0.75365234375 0.7276953125 0.0332421875 0.023046875
0 0.664296875 0.778046875 0.0394921875 0.0487109375
0 0.69556640625 0.705146484375 0.035546875 0.02927734375
0 0.411845703125 0.891650390625 0.02697265625 0.02005859375
0 0.5812011718750001 0.9167578125 0.04310546875 0.0371875
0 0.75431640625 0.901787109375 0.0246875 0.03224609375
0 0.8935253906249999 0.8664062499999999 0.04576171875 0.0457421875
0 0.6702246093750001 0.909541015625 0.02650390625 0.02517578125
0 0.7247265625 0.96771484375 0.0271875 0.0299609375
0 0.580185546875 0.959443359375 0.02072265625 0.01876953125
0 0.567548828125 0.80009765625 0.02697265625 0.0302734375
0 0.83181640625 0.75171875 0.0256640625 0.029609375
0 0.804990234375 0.712060546875 0.03060546875 0.04376953125
0 0.620869140625 0.578603515625 0.02369140625 0.02369140625
0 0.858984375 0.98509765625 0.0299609375 0.0298046875
0 0.5477246093749999 0.75044921875 0.02111328125 0.02578125