1 0.698935546875 0.215283203125 0.10904296875 0.09048828125
0 0.092900390625 0.057861328125 0.09345703125 0.07654296875
0 0.10092773437500001 0.277919921875 0.07580078125 0.06291015625
0 0.016650390625 0.317392578125 0.03330078125 0.04357421875
0 0.192353515625 0.41849609374999996 0.07177734375 0.066953125
0 0.20927734375 0.4926171875 0.046015625 0.041171875
0 0.287861328125 0.084970703125 0.08701171875 0.09916015625
0 0.5158203125 0.21430664062500002 0.09515625 0.06767578125
0 0.330966796875 0.34598632812499996 0.08458984375 0.09755859375
0 0.413544921875 0.30045898437499996 0.04673828125 0.07095703125
0 0.299140625 0.278720703125 0.111171875 0.09353515625
0 0.31521484375000003 0.48294921875 0.0274609375 0.031484375
0 0.536796875 0.344384765625 0.038671875 0.03310546875
0 0.5972265625 0.3234375 0.0515625 0.033125
0 0.572216796875 0.26785156250000003 0.03552734375 0.036328125
1 0.9695410156250001 0.1862890625 0.06091796875 0.1183203125
0 0.6620312500000001 0.33108398437500003 0.036328125 0.04197265625
1 0.64111328125 0.71412109375 0.4478515625 0.3384765625
0 0.303173828125 0.0153125 0.05478515625 0.030625
0 0.79013671875 0.126455078125 0.0427734375 0.06775390625
0 0.6181640625 0.3685546875 0.0708984375 0.0476171875