1 0.118994140625 0.41426757812500004 0.12193359375 0.08904296875
0 0.242802734375 0.877177734375 0.07142578125 0.24564453125
1 0.078173828125 0.39125976562500003 0.08798828125 0.08798828125
0 0.859501953125 0.505830078125 0.17818359375 0.06119140625
0 0.9742968750000001 0.657548828125 0.05140625 0.21572265625
0 0.817158203125 0.783076171875 0.06552734375 0.37255859375
0 0.55078125 0.8418359375 0.2228515625 0.0613671875
0 0.491337890625 0.8963769531250001 0.01619140625 0.04091796875
0 0.48577148437499995 0.945390625 0.10529296875 0.0582421875
0 0.189423828125 0.647236328125 0.06330078125 0.23044921875
0 0.33189453125 0.510986328125 0.228984375 0.05970703125
0 0.441962890625 0.36336914062500003 0.23853515625 0.06634765625
0 0.602841796875 0.456171875 0.06552734375 0.1501953125
0 0.713642578125 0.31517578125 0.05888671875 0.149453125
0 0.54908203125 0.217216796875 0.2378125 0.06119140625
0 0.093349609375 0.1765625 0.12837890625 0.13703125
0 0.17712890625 0.0719921875 0.1272265625 0.1413671875