0 0.24097656250000002 0.089697265625 0.1077734375 0.17939453125
0 0.53333984375 0.633828125 0.0688671875 0.0588671875
0 0.6635156249999999 0.54732421875 0.0957421875 0.47375
0 0.45981445312499997 0.149296875 0.08607421875 0.08609375
1 0.06337890625 0.116171875 0.1267578125 0.1380078125
1 0.9556542968749999 0.49740234375 0.08869140625 0.1572265625
0 0.69962890625 0.138759765625 0.063828125 0.06642578125
0 0.8360937500000001 0.47383789062500004 0.0545703125 0.06978515625
0 0.881435546875 0.7572753906249999 0.06298828125 0.36287109375
0 0.934345703125 0.9638671875 0.06466796875 0.0588671875
0 0.7529589843750001 0.8530078125 0.06802734375 0.060546875
0 0.6954296875 0.813544921875 0.070546875 0.06560546875
0 0.29955078125 0.27037109375 0.0748828125 0.081875
0 0.531201171875 0.065029296875 0.13646484375 0.13005859375
0 0.2551171875 0.209833984375 0.0741796875 0.06716796875
0 0.441796875 0.377265625 0.090703125 0.3603515625
0 0.480595703125 0.578857421875 0.06130859375 0.06634765625