0 0.16669921875 0.078125 0.0657421875 0.0637109375
0 0.475224609375 0.039091796875 0.06361328125 0.07818359375
0 0.63849609375 0.103232421875 0.0678515625 0.20646484375
0 0.8144921875 0.107470703125 0.0678515625 0.21494140625
0 0.9745703124999999 0.10958984375 0.050859375 0.2191796875
0 0.463564453125 0.23879882812500003 0.05513671875 0.07314453125
0 0.1189453125 0.33310546875 0.053125 0.064765625
0 0.288095703125 0.36755859375 0.05408203125 0.0467578125
0 0.421689453125 0.37974609374999996 0.04982421875 0.06265625
0 0.65970703125 0.431171875 0.0508984375 0.055234375
0 0.799658203125 0.44071289062499996 0.03392578125 0.04888671875
1 0.631904296875 0.324111328125 0.10220703125 0.08693359375
1 0.746728515625 0.6254296874999999 0.10337890625 0.1016015625
0 0.521171875 0.6302832031250001 0.0494921875 0.05388671875
0 0.55341796875 0.9796972656249999 0.0609765625 0.04060546875
0 0.667392578125 0.8069921875 0.03447265625 0.0715625
0 0.770771484375 0.8016894531250001 0.05919921875 0.08923828125
0 0.755302734375 0.728359375 0.05302734375 0.0644921875
0 0.89666015625 0.9779296875 0.0441796875 0.044140625
0 0.8406445312499999 0.5923828125 0.0706640625 0.0759765625