0 0.32314453125 0.9659960937500001 0.082578125 0.0680078125
0 0.195380859375 0.5274609375 0.07775390625 0.130234375
0 0.13313476562499998 0.44491210937500003 0.06369140625 0.05599609375
0 0.22876953125 0.16658203124999998 0.09734375 0.08328125
0 0.2648046875 0.26736328125000003 0.2240234375 0.15046875
0 0.142021484375 0.31491210937499997 0.06087890625 0.08755859375
0 0.39249023437499997 0.2000390625 0.14345703125 0.11546875
0 0.342744140625 0.43510742187499996 0.22685546875 0.13908203125
0 0.630986328125 0.69052734375 0.13431640625 0.081015625
0 0.9410742187500001 0.5701757812499999 0.1178515625 0.093359375
0 0.897705078125 0.42283203125 0.13087890625 0.1043359375
0 0.849423828125 0.065556640625 0.11337890625 0.12603515625
0 0.089140625 0.054140625 0.17828125 0.10828125
0 0.35994140625000004 0.033828125 0.0644140625 0.0573828125
0 0.35404296874999996 0.10500000000000001 0.181328125 0.129453125
0 0.936259765625 0.782548828125 0.12748046875 0.12255859375
0 0.79203125 0.83296875 0.134375 0.1756640625
0 0.5775 0.8280761718749999 0.2555078125 0.17146484375
0 0.483759765625 0.968447265625 0.04689453125 0.06310546875
0 0.14580078125 0.690625 0.10359375 0.1280859375