0 0.23977539062500003 0.74587890625 0.15419921875 0.1618359375
0 0.9135546875 0.908310546875 0.172890625 0.17935546875
0 0.910908203125 0.59775390625 0.17818359375 0.1873046875
1 0.270625 0.2067578125 0.0802734375 0.1019140625
1 0.38521484375000004 0.2990625 0.1208203125 0.085234375
0 0.6880273437500001 0.143447265625 0.1603125 0.15419921875
0 0.407109375 0.8807714843750001 0.1511328125 0.15740234375
0 0.126953125 0.95607421875 0.109921875 0.0878515625
0 0.733056640625 0.73275390625 0.15572265625 0.1450390625
0 0.41322265625 0.43961914062499996 0.2183203125 0.17251953125
0 0.179619140625 0.05607421875 0.11755859375 0.1121484375
0 0.674091796875 0.41125 0.11044921875 0.1130859375
0 0.173583984375 0.320244140625 0.09189453125 0.07951171875
0 0.53984375 0.552958984375 0.120234375 0.11837890625
0 0.657568359375 0.59712890625 0.05470703125 0.0521484375