0 0.589287109375 0.28348632812499996 0.15552734375 0.30572265625
0 0.719580078125 0.258427734375 0.17556640625 0.28900390625
1 0.845791015625 0.03107421875 0.09689453125 0.0621484375
1 0.9696679687499999 0.50900390625 0.0606640625 0.1286328125
0 0.0469921875 0.8712890625 0.093984375 0.257421875
0 0.172646484375 0.86015625 0.13501953125 0.2796875
0 0.311171875 0.844833984375 0.161484375 0.31033203125
0 0.45802734375 0.8337011718749999 0.1684375 0.33259765625
0 0.620908203125 0.816298828125 0.15732421875 0.36740234375
0 0.723837890625 0.029404296875 0.13365234375 0.05880859375
0 0.47994140625000004 0.054462890625 0.2505859375 0.10892578125
0 0.03919921875 0.17279296875 0.0783984375 0.176796875
0 0.016240234375 0.27538085937499995 0.03248046875 0.03947265625
0 0.15705078125 0.084443359375 0.1684375 0.16888671875
0 0.767080078125 0.807255859375 0.14896484375 0.38548828125
0 0.43892578125000004 0.30603515625 0.1588671875 0.300703125