0 0.75962890625 0.13740234375 0.0646875 0.0593359375
1 0.07880859375 0.32287109375 0.0954296875 0.0901171875
1 0.67359375 0.2990234375 0.0975390625 0.0975390625
1 0.966669921875 0.38065429687499996 0.06666015625 0.08693359375
0 0.447802734375 0.350908203125 0.04322265625 0.04724609375
0 0.62384765625 0.028544921875 0.053359375 0.04287109375
0 0.29933593750000004 0.68279296875 0.030859375 0.02890625
0 0.252177734375 0.6638378906250001 0.03794921875 0.03650390625
0 0.03013671875 0.6107617187500001 0.0602734375 0.05828125
0 0.322822265625 0.5376171875 0.04158203125 0.0290625
0 0.38962890624999996 0.35366210937500003 0.0359375 0.05455078125
0 0.28219726562499997 0.1689453125 0.03615234375 0.035
0 0.740244140625 0.642080078125 0.07001953125 0.06318359375
0 0.7518750000000001 0.5774121093750001 0.041953125 0.03431640625
0 0.709208984375 0.516416015625 0.06833984375 0.05966796875
0 0.537451171875 0.40369140625 0.05498046875 0.0374609375
0 0.452646484375 0.717158203125 0.02943359375 0.02748046875
0 0.417099609375 0.715966796875 0.03986328125 0.03080078125
0 0.375859375 0.685400390625 0.0493359375 0.04076171875
0 0.9140625 0.464345703125 0.0308203125 0.04822265625
0 0.361650390625 0.349150390625 0.02345703125 0.03068359375
0 0.28872070312500003 0.33530273437499997 0.01974609375 0.02017578125
0 0.567138671875 0.29856445312499996 0.02130859375 0.03044921875
0 0.373623046875 0.292255859375 0.02685546875 0.02650390625
0 0.41114257812500005 0.2936328125 0.02607421875 0.016640625
0 0.024462890625 0.08926757812500001 0.04892578125 0.02806640625
0 0.8204980468749999 0.251923828125 0.05349609375 0.05513671875
0 0.29590820312500005 0.125498046875 0.03791015625 0.03791015625
0 0.018515625 0.1505078125 0.03703125 0.048359375