0 0.28826171875 0.959990234375 0.09828125 0.08001953125
0 0.08222656249999999 0.8696093749999999 0.161328125 0.2251953125
0 0.227578125 0.6972265625 0.1703515625 0.224375
0 0.53642578125 0.819892578125 0.1075390625 0.13818359375
0 0.399326171875 0.6924414062500001 0.12716796875 0.150859375
0 0.308583984375 0.536279296875 0.11689453125 0.14103515625
0 0.039296874999999995 0.551796875 0.0371875 0.0425
0 0.10853515625 0.22666015625 0.1248828125 0.14671875
0 0.9499902343750001 0.7251171875 0.05970703125 0.063046875
0 0.8371972656250001 0.7045019531250001 0.11564453125 0.14689453125
0 0.9263671875 0.046669921875 0.147265625 0.09150390625
0 0.21103515625 0.387392578125 0.1192578125 0.14181640625
1 0.12672851562499998 0.05615234375 0.13783203125 0.1123046875
0 0.6225976562500001 0.40388671875000004 0.0543359375 0.0371875
0 0.72658203125 0.5151171875 0.12015625 0.1418359375
0 0.428583984375 0.902373046875 0.17630859375 0.19408203125
0 0.857080078125 0.48878906250000004 0.08888671875 0.076015625
0 0.79998046875 0.39433593749999996 0.0773828125 0.0720703125
0 0.5941796875 0.230869140625 0.0601953125 0.03458984375
0 0.9475390625 0.24353515625 0.104921875 0.1411328125
1 0.45253906250000003 0.20979492187499998 0.0890625 0.07740234375
0 0.71486328125 0.10274414062500001 0.0355859375 0.03001953125
0 0.571669921875 0.078330078125 0.03322265625 0.02978515625
0 0.66173828125 0.13966796875 0.0209765625 0.0248828125
0 0.50294921875 0.374921875 0.146796875 0.1884375
0 0.292412109375 0.12955078125 0.17068359375 0.1972265625
1 0.080615234375 0.099052734375 0.12404296875 0.09435546875
0 0.02498046875 0.6738867187500001 0.0499609375 0.117109375
0 0.07984375 0.428251953125 0.1596875 0.28751953125
0 0.6325292968749999 0.9534765625 0.10728515625 0.093046875
0 0.43845703125 0.068017578125 0.1515625 0.13603515625