0 0.807373046875 0.8827343750000001 0.05029296875 0.0421875
0 0.914794921875 0.55107421875 0.17041015625 0.2890234375
0 0.7767578125 0.83328125 0.045234375 0.0469140625
0 0.89474609375 0.9800292968750001 0.0583203125 0.03994140625
0 0.7080468750000001 0.760283203125 0.0453515625 0.04373046875
0 0.546064453125 0.54927734375 0.03810546875 0.0429296875
0 0.49462890625 0.531884765625 0.0486328125 0.03892578125
0 0.51427734375 0.443779296875 0.069296875 0.07978515625
0 0.3301953125 0.48185546875 0.0437890625 0.02875
0 0.49158203125 0.365 0.100078125 0.0672265625
0 0.44525390625000005 0.34737304687500004 0.0631640625 0.06037109375