0 0.9909082031249999 0.656337890625 0.01818359375 0.01943359375
0 0.252041015625 0.640498046875 0.03982421875 0.02361328125
0 0.342197265625 0.491923828125 0.01267578125 0.01642578125
0 0.379580078125 0.467900390625 0.03166015625 0.02134765625
0 0.367626953125 0.45216796875000004 0.04666015625 0.0175390625
0 0.37020507812500003 0.410478515625 0.02509765625 0.02087890625
0 0.348408203125 0.403564453125 0.01712890625 0.03001953125
0 0.068056640625 0.47923828125 0.02365234375 0.0244140625
1 0.7979394531249999 0.283515625 0.06994140625 0.0596484375
0 0.88349609375 0.33170898437499996 0.0966796875 0.09818359375
1 0.757490234375 0.7595898437499999 0.06697265625 0.05625
1 0.434404296875 0.36519531250000004 0.07669921875 0.0392578125
1 0.4549609375 0.338525390625 0.0675 0.04482421875
1 0.6145507812500001 0.3303515625 0.072890625 0.0581640625
0 0.21609375 0.37443359375 0.023828125 0.0341796875
0 0.35848632812500003 0.434384765625 0.03025390625 0.01759765625
0 0.46888671875000004 0.6285156249999999 0.0205859375 0.0259765625
0 0.011005859375 0.49017578125 0.02201171875 0.0255859375
0 0.050771484374999995 0.48158203125 0.02228515625 0.0240234375
0 0.161279296875 0.48830078125 0.03458984375 0.046171875
0 0.29388671875 0.5507421874999999 0.037109375 0.02421875
0 0.29585937500000004 0.5754882812500001 0.0292578125 0.0253515625
0 0.20152343749999999 0.5456054687499999 0.0365625 0.027421875
0 0.21394531249999998 0.5759570312500001 0.02765625 0.0253125
0 0.2841015625 0.53380859375 0.030859375 0.01015625
0 0.2872265625 0.5208203124999999 0.015234375 0.0154296875
0 0.204873046875 0.6081054687499999 0.02052734375 0.01859375
0 0.179423828125 0.560439453125 0.02474609375 0.02619140625
0 0.2813671875 0.48048828125 0.026953125 0.015625
0 0.225302734375 0.518671875 0.04259765625 0.0255859375
0 0.10741210937500001 0.551298828125 0.04162109375 0.03998046875
0 0.23682617187500002 0.456171875 0.02580078125 0.0302734375
0 0.383125 0.690185546875 0.0448828125 0.03408203125
0 0.301767578125 0.44884765625 0.02208984375 0.0359375
0 0.450927734375 0.6307812500000001 0.01857421875 0.0253125
0 0.918095703125 0.657041015625 0.02630859375 0.03173828125
0 0.83375 0.62482421875 0.0283984375 0.0344140625
0 0.23357421875 0.36896484375 0.0216796875 0.0267578125
0 0.897939453125 0.5877734375000001 0.02880859375 0.024296875
0 0.8063085937500001 0.7414453125 0.0226171875 0.021953125
0 0.682958984375 0.7287890625 0.02970703125 0.0344140625
0 0.385673828125 0.488525390625 0.02509765625 0.02134765625
0 0.120341796875 0.3045703125 0.02068359375 0.0263671875
0 0.393759765625 0.42529296875 0.03541015625 0.02671875
0 0.39083007812500004 0.523330078125 0.02744140625 0.01736328125
0 0.397158203125 0.585087890625 0.01806640625 0.01666015625
0 0.355908203125 0.538212890625 0.02556640625 0.03072265625
0 0.388369140625 0.5423144531249999 0.02673828125 0.02205078125
0 0.38942382812500004 0.564228515625 0.03119140625 0.01853515625
0 0.32871093749999997 0.14130859375 0.026171875 0.0517578125
0 0.08140625 0.566162109375 0.0265625 0.03283203125
0 0.357197265625 0.592001953125 0.03283203125 0.01783203125
0 0.330869140625 0.20820312500000002 0.02072265625 0.05234375
0 0.393671875 0.313232421875 0.0330078125 0.03986328125
0 0.374140625 0.323291015625 0.0361328125 0.04982421875
0 0.34265625 0.33585937499999996 0.028125 0.02421875
0 0.2905078125 0.35822265625 0.020703125 0.0248046875
0 0.316875 0.32423828125 0.023046875 0.0244140625
0 0.272734375 0.30802734375 0.0234375 0.0294921875
0 0.25095703125 0.36271484375 0.0255859375 0.0333984375
0 0.2705859375 0.3606640625 0.02578125 0.0296875
0 0.30701171875 0.35373046875 0.0197265625 0.0244140625
0 0.46770507812499995 0.15901367187499998 0.09197265625 0.18470703125
0 0.6192480468749999 0.105380859375 0.10607421875 0.21076171875
0 0.9668359375 0.1598046875 0.0290234375 0.03578125
0 0.948603515625 0.10005859375000001 0.03306640625 0.043203125
0 0.92970703125 0.1540625 0.0236328125 0.0296875
0 0.960146484375 0.426689453125 0.07970703125 0.16943359375
0 0.542724609375 0.46693359375 0.08888671875 0.184765625
0 0.7246875 0.513818359375 0.13296875 0.35341796875