0 0.27890625 0.923720703125 0.0703125 0.04767578125
0 0.0214453125 0.65673828125 0.0393359375 0.0858203125
0 0.27889648437500003 0.033369140625 0.02025390625 0.03099609375
0 0.320615234375 0.00833984375 0.08224609375 0.0166796875
0 0.555419921875 0.007744140625 0.02978515625 0.01310546875
0 0.209765625 0.0327734375 0.046484375 0.036953125
0 0.097138671875 0.737783203125 0.14302734375 0.14779296875
0 0.02771484375 0.0232421875 0.0554296875 0.046484375
0 0.6626953125 0.238974609375 0.0298046875 0.02978515625
0 0.911796875 0.12157226562500001 0.056015625 0.05482421875
0 0.893330078125 0.104892578125 0.04767578125 0.05482421875
0 0.5661523437499999 0.10130859375 0.056015625 0.033359375
0 0.562578125 0.020263671875 0.0298046875 0.02623046875
0 0.57330078125 0.049462890625000006 0.046484375 0.03455078125
0 0.17818359374999998 0.85697265625 0.2216796875 0.1787890625
0 0.01310546875 0.9624609375 0.0250390625 0.056015625
0 0.025615234374999997 0.90046875 0.04291015625 0.0441015625
0 0.252080078125 0.95171875 0.04529296875 0.046484375
0 0.14421875 0.011318359375 0.036953125 0.01787109375