0 0.274248046875 0.45404296875 0.05400390625 0.03515625
0 0.49489257812500004 0.5188769531249999 0.03572265625 0.02982421875
0 0.678125 0.42972656249999996 0.0354296875 0.0410546875
0 0.7449218750000001 0.39119140625 0.0312109375 0.038828125
0 0.7993359375 0.35322265625000004 0.0466796875 0.039375
0 0.906494140625 0.29697265625 0.04048828125 0.037109375
0 0.686142578125 0.2947265625 0.03740234375 0.0348828125
0 0.627353515625 0.34309570312500004 0.04134765625 0.04330078125
0 0.767138671875 0.20737304687500002 0.01884765625 0.02224609375
0 0.7875292968750001 0.23298828125 0.01630859375 0.021640625
0 0.695810546875 0.13963867187499998 0.02982421875 0.02052734375
0 0.5369335937499999 0.11936523437499999 0.030390625 0.03123046875
0 0.605556640625 0.07900390625 0.03826171875 0.033203125
0 0.789208984375 0.0096875 0.03880859375 0.019375
0 0.825068359375 0.07772460937499999 0.03291015625 0.02955078125
0 0.9806738281249999 0.09150390625 0.03865234375 0.034609375
0 0.9906542968750001 0.011943359375 0.01869140625 0.02388671875
0 0.5282421875 0.7032421875 0.0244140625 0.0208984375
0 0.49445312500000005 0.71779296875 0.0412109375 0.04296875
0 0.4086328125 0.56501953125 0.0283203125 0.0319140625
0 0.446484375 0.612783203125 0.05078125 0.03537109375
0 0.39384765625 0.6354492187499999 0.0283203125 0.0271484375
0 0.48984375 0.24521484375 0.028515625 0.0283203125
0 0.52513671875 0.574990234375 0.060078125 0.03451171875
0 0.451201171875 0.578173828125 0.04345703125 0.02982421875
0 0.9777148437500001 0.338681640625 0.0445703125 0.03435546875
0 0.866806640625 0.425556640625 0.07107421875 0.04447265625
0 0.37333984375 0.20787109374999999 0.02390625 0.0236328125
0 0.39166992187500005 0.787587890625 0.02802734375 0.02666015625
0 0.26884765625 0.20350585937500001 0.0382421875 0.04978515625
0 0.43064453124999996 0.717392578125 0.0384765625 0.04017578125
0 0.6835546874999999 0.616884765625 0.0337890625 0.03072265625
0 0.7615234375000001 0.5890429687500001 0.0297265625 0.0290234375
0 0.7571875 0.554345703125 0.0438671875 0.04048828125
0 0.88087890625 0.49478515625 0.0415234375 0.0421875
0 0.61146484375 0.46517578125000003 0.040546875 0.0344140625
0 0.34304687500000003 0.61158203125 0.0381640625 0.028359375
0 0.3134765625 0.50453125 0.0312109375 0.03375
0 0.35298828125000004 0.477958984375 0.03375 0.03572265625
0 0.497421875 0.41228515625 0.02390625 0.027578125