1 0.908701171875 0.395634765625 0.06900390625 0.05396484375
0 0.6102539062500001 0.2962890625 0.0389453125 0.0369921875
0 0.676123046875 0.981171875 0.04927734375 0.02796875
0 0.58373046875 0.625927734375 0.0423046875 0.04236328125
1 0.860556640625 0.634853515625 0.08060546875 0.07857421875
0 0.422607421875 0.60849609375 0.02619140625 0.06109375
0 0.34767578125 0.938876953125 0.036875 0.04744140625
0 0.2973046875 0.834677734375 0.038203125 0.02978515625
0 0.254580078125 0.985068359375 0.02072265625 0.02751953125
0 0.94548828125 0.9353417968750001 0.030859375 0.03236328125
0 0.5155859375 0.28890625 0.0389453125 0.0289453125
0 0.666591796875 0.94369140625 0.02908203125 0.02796875
0 0.74630859375 0.66955078125 0.0542578125 0.0257421875
0 0.97853515625 0.35623046875000003 0.0429296875 0.0353515625
0 0.82046875 0.33466796875 0.0349609375 0.0358984375
0 0.773232421875 0.54126953125 0.02072265625 0.045
0 0.728642578125 0.52212890625 0.01880859375 0.046953125
0 0.562890625 0.44193359375 0.035625 0.0213671875
0 0.49425781249999995 0.415546875 0.020078125 0.02234375
0 0.692607421875 0.39611328125 0.03080078125 0.043828125
0 0.773564453125 0.32525390625 0.02525390625 0.029140625
0 0.752744140625 0.42070312499999996 0.02697265625 0.03203125
0 0.5025000000000001 0.46782226562499996 0.026171875 0.02958984375
0 0.371923828125 0.457080078125 0.02685546875 0.04841796875
0 0.462216796875 0.391953125 0.02888671875 0.0336328125
0 0.44576171875 0.5238769531249999 0.0255078125 0.02892578125
0 0.46556640624999995 0.469501953125 0.0288671875 0.04103515625
0 0.609580078125 0.546708984375 0.01880859375 0.03564453125