0 0.733291015625 0.16562500000000002 0.04330078125 0.0459375
1 0.853671875 0.836142578125 0.04859375 0.04787109375
1 0.798447265625 0.8427734375 0.05154296875 0.0434375
1 0.5872265624999999 0.906767578125 0.0816015625 0.07669921875
0 0.9833496093749999 0.91685546875 0.03330078125 0.040546875
0 0.880166015625 0.9355761718750001 0.06017578125 0.04607421875
0 0.65501953125 0.9765136718749999 0.062578125 0.04697265625
0 0.97583984375 0.0341796875 0.0483203125 0.068359375
0 0.9717480468749999 0.436640625 0.05650390625 0.12515625
0 0.936279296875 0.331435546875 0.10970703125 0.13251953125
0 0.87501953125 0.23122070312499998 0.1030859375 0.11337890625
0 0.8529296875 0.1266796875 0.0927734375 0.1001171875
0 0.818837890625 0.47625 0.11560546875 0.1362109375
0 0.75736328125 0.35646484375 0.1052734375 0.1178125
0 0.7050390624999999 0.25736328124999996 0.101640625 0.12
0 0.6531152343750001 0.515390625 0.10072265625 0.1272265625
0 0.5932128906249999 0.40936523437500005 0.09330078125 0.12298828125
0 0.5433886718750001 0.317138671875 0.09330078125 0.10814453125
0 0.965712890625 0.633076171875 0.06857421875 0.07208984375
0 0.976318359375 0.7618945312500001 0.04736328125 0.066796875
0 0.836533203125 0.656923828125 0.08376953125 0.07103515625
0 0.70666015625 0.6892675781250001 0.0805859375 0.06150390625
0 0.727861328125 0.812255859375 0.08271484375 0.06150390625
0 0.477646484375 0.9665625 0.07845703125 0.066875
0 0.43682617187499995 0.9034375 0.08587890625 0.1123828125
0 0.255 0.89548828125 0.0954296875 0.1940234375
0 0.092255859375 0.67283203125 0.11556640625 0.1176953125
1 0.365732421875 0.189326171875 0.12400390625 0.11548828125
0 0.18184570312499998 0.081767578125 0.14630859375 0.07845703125
0 0.06759765625 0.02919921875 0.1351953125 0.0583984375
1 0.6385839843750001 0.09333984375 0.09435546875 0.077421875
1 0.5505859375 0.20146484375 0.096484375 0.0731640625
0 0.766376953125 0.95642578125 0.06197265625 0.04484375