0 0.33123046874999995 0.6145605468750001 0.0916015625 0.05341796875
0 0.107880859375 0.295908203125 0.21576171875 0.21373046875
0 0.4233984375 0.38068359375 0.1984765625 0.2273828125
0 0.243447265625 0.691533203125 0.09669921875 0.17939453125
0 0.147392578125 0.7366308593750001 0.23537109375 0.09173828125
0 0.8876953125 0.40446289062499996 0.171171875 0.10248046875
1 0.63478515625 0.26857421875 0.0901171875 0.080390625
0 0.079609375 0.918125 0.15921875 0.083984375
0 0.44611328125000005 0.9654199218749999 0.32953125 0.06916015625
0 0.910009765625 0.934521484375 0.14873046875 0.07951171875
0 0.8699609374999999 0.757451171875 0.260078125 0.12294921875
0 0.43427734375 0.7080761718749999 0.183203125 0.15138671875
0 0.740947265625 0.36003906249999995 0.14044921875 0.0885546875