0 0.611455078125 0.722490234375 0.08708984375 0.11697265625
1 0.16783203125 0.5198828125 0.12890625 0.07734375
0 0.7595605468750001 0.699951171875 0.20380859375 0.27310546875
0 0.055654296875 0.132724609375 0.11130859375 0.13931640625
0 0.239599609375 0.21103515625000002 0.16724609375 0.1634765625
0 0.142197265625 0.0775 0.18572265625 0.155
0 0.27125 0.04318359375 0.0861328125 0.0863671875
0 0.144609375 0.353134765625 0.16734375 0.15669921875
0 0.27719726562499997 0.717802734375 0.04189453125 0.04107421875
0 0.8360742187500001 0.19943359375 0.2484375 0.1634765625
1 0.572255859375 0.137822265625 0.15548828125 0.11689453125
0 0.10640625 0.87140625 0.2128125 0.2309375
0 0.54962890625 0.7123339843750001 0.07734375 0.07927734375
0 0.590654296875 0.38615234374999996 0.24369140625 0.1653125
0 0.329599609375 0.066669921875 0.16048828125 0.13333984375