0 0.0845703125 0.18516601562499999 0.169140625 0.07251953125
0 0.595986328125 0.078935546875 0.22517578125 0.06615234375
0 0.45349609375 0.21443359375 0.22265625 0.067421875
0 0.3141796875 0.34866210937500003 0.2213671875 0.06869140625
0 0.49166015625000004 0.34484375 0.0826953125 0.0916015625
0 0.07693359375 0.514697265625 0.1538671875 0.16412109375
0 0.269658203125 0.494326171875 0.13740234375 0.12595703125
0 0.1538671875 0.597900390625 0.147578125 0.13994140625
0 0.26646484375 0.73478515625 0.138671875 0.1284765625
0 0.28682617187500004 0.823857421875 0.04708984375 0.05470703125
0 0.345986328125 0.79013671875 0.05599609375 0.0559765625
0 0.495478515625 0.876650390625 0.12087890625 0.13740234375
0 0.3542578125 0.967587890625 0.1233984375 0.06482421875
0 0.38669921875 0.622705078125 0.101796875 0.09794921875
0 0.4795703125 0.5528515625 0.094140625 0.085234375
0 0.5241015625 0.5935644531250001 0.0890625 0.06998046875
0 0.5667187499999999 0.6450878906249999 0.085234375 0.08142578125
0 0.643056640625 0.7322460937499999 0.09541015625 0.092890625
0 0.722578125 0.818125 0.101796875 0.0966796875
0 0.643701171875 0.9052734375 0.10177734375 0.0903125
0 0.9573437499999999 0.974580078125 0.0853125 0.05083984375
0 0.9573437499999999 0.8607421875 0.0853125 0.08015625
0 0.7512011718749999 0.559853515625 0.11068359375 0.09669921875
0 0.8345410156249999 0.4790625 0.13994140625 0.1361328125
0 0.7919140625000001 0.34738281249999997 0.14375 0.1450390625
0 0.6710449218750001 0.4676171875 0.16666015625 0.1717578125
0 0.7741015625000001 0.095478515625 0.0521484375 0.05087890625
0 0.076796875 0.29330078125 0.037109375 0.037109375
1 0.86369140625 0.752265625 0.091171875 0.0922265625
1 0.474912109375 0.471884765625 0.09431640625 0.08974609375