0 0.934296875 0.96001953125 0.13140625 0.0799609375
0 0.551220703125 0.46416015624999996 0.10798828125 0.1024609375
0 0.568369140625 0.5304296875 0.07123046875 0.063203125
0 0.6466894531249999 0.41783203125 0.15216796875 0.1509375
0 0.762568359375 0.3500390625 0.06326171875 0.071796875
0 0.69509765625 0.325498046875 0.10859375 0.10982421875
0 0.973154296875 0.8075390625 0.05369140625 0.0981640625
0 0.95423828125 0.65365234375 0.0915234375 0.1196484375
0 0.87958984375 0.738515625 0.119140625 0.1094140625
0 0.771455078125 0.78171875 0.11759765625 0.12015625
0 0.86884765625 0.9246289062499999 0.1140234375 0.1196484375
0 0.788603515625 0.19076171875 0.04294921875 0.033125
0 0.822041015625 0.165302734375 0.04111328125 0.03619140625
0 0.66111328125 0.9672265625 0.113515625 0.065546875
0 0.271806640625 0.652001953125 0.13068359375 0.07490234375
0 0.393916015625 0.627490234375 0.12455078125 0.07361328125
0 0.498515625 0.8176660156250001 0.1190234375 0.11541015625
0 0.376728515625 0.876162109375 0.12884765625 0.07486328125
0 0.277333984375 0.8081835937499999 0.07916015625 0.129453125
0 0.6770605468750001 0.70958984375 0.11595703125 0.1171875
0 0.8105078125 0.59896484375 0.120859375 0.1233203125
0 0.9319921875 0.48974609375 0.1233203125 0.122109375
0 0.9505078124999999 0.2501171875 0.098984375 0.12890625
0 0.90955078125 0.08943359375 0.045 0.0352734375
0 0.885234375 0.033925781249999995 0.045546875 0.037890625
0 0.5917578125 0.26248046875 0.0425 0.0450390625
0 0.568232421875 0.284970703125 0.04146484375 0.04197265625
0 0.6593945312499999 0.183720703125 0.04234375 0.04701171875
0 0.48642578124999997 0.34837890625 0.0373828125 0.0337890625
0 0.464443359375 0.36857421874999996 0.03533203125 0.0353125
0 0.41302734375 0.433232421875 0.034765625 0.03220703125
2 0.7514257812499999 0.085966796875 0.0779296875 0.06994140625