0 0.290146484375 0.037236328125 0.06623046875 0.07447265625
0 0.30869140624999997 0.17739257812499998 0.0715625 0.22177734375
0 0.499482421875 0.1469140625 0.09287109375 0.208515625
0 0.80345703125 0.171650390625 0.0698046875 0.24208984375
0 0.6457031249999999 0.285625 0.0955078125 0.0971875
0 0.578994140625 0.379716796875 0.14232421875 0.15638671875
0 0.78794921875 0.427431640625 0.107890625 0.11751953125
0 0.153369140625 0.085078125 0.06615234375 0.17015625
0 0.73052734375 0.51224609375 0.1096484375 0.1069140625
0 0.8802734375 0.5343359375 0.08578125 0.0962890625
0 0.837421875 0.5970605468750001 0.097265625 0.09630859375
0 0.9174218749999999 0.6668652343749999 0.1016015625 0.12634765625
0 0.97130859375 0.28783203125 0.0573828125 0.24296875
1 0.93068359375 0.091689453125 0.1016015625 0.09099609375
0 0.14974609375 0.42451171875000004 0.12015625 0.106015625
1 0.095205078125 0.561298828125 0.09900390625 0.08130859375
0 0.504287109375 0.71453125 0.10072265625 0.119375
0 0.21423828125 0.0534375 0.0530078125 0.0901171875
1 0.704462890625 0.71080078125 0.08755859375 0.0926953125
0 0.5707324218750001 0.96630859375 0.12634765625 0.0673828125