0 0.72755859375 0.050126953125 0.185546875 0.10025390625
1 0.1127734375 0.114248046875 0.0721484375 0.07068359375
1 0.408681640625 0.178828125 0.12294921875 0.1016015625
1 0.513232421875 0.24803710937499998 0.14208984375 0.09865234375
1 0.09798828125 0.22373046875000002 0.09203125 0.0912890625
1 0.26107421875 0.37521484374999997 0.1085546875 0.10390625
1 0.122900390625 0.36326171875 0.12416015625 0.105
1 0.38143554687500003 0.281904296875 0.10970703125 0.08982421875
0 0.8907031249999999 0.9633007812500001 0.21859375 0.0733984375
0 0.561171875 0.474892578125 0.084140625 0.05822265625
0 0.392099609375 0.669560546875 0.15478515625 0.13888671875
0 0.912373046875 0.8394726562499999 0.17525390625 0.1678515625
3 0.579716796875 0.5873828125 0.03783203125 0.03375
0 0.627314453125 0.96677734375 0.07642578125 0.0664453125
0 0.645673828125 0.90873046875 0.08283203125 0.0700390625
0 0.667119140625 0.8534667968749999 0.07623046875 0.06595703125
0 0.68142578125 0.7984960937500001 0.0844140625 0.068515625
0 0.7041894531249999 0.74583984375 0.07162109375 0.068515625
0 0.72361328125 0.661982421875 0.0900390625 0.12373046875