0 0.771884765625 0.33685546875 0.14017578125 0.08796875
0 0.674169921875 0.9307324218749999 0.22798828125 0.13853515625
0 0.0204296875 0.862314453125 0.040859375 0.07662109375
0 0.05947265625 0.986962890625 0.1189453125 0.02607421875
0 0.358759765625 0.927109375 0.22236328125 0.14578125
0 0.650146484375 0.5094921875 0.08615234375 0.059296875
0 0.77240234375 0.785419921875 0.2311328125 0.15951171875
0 0.495634765625 0.6541015625 0.24490234375 0.1305078125
0 0.70810546875 0.530107421875 0.0275 0.03822265625
0 0.916015625 0.123759765625 0.16796875 0.24751953125
0 0.607783203125 0.084091796875 0.10064453125 0.11224609375
0 0.9513378906250001 0.341728515625 0.09732421875 0.15767578125
0 0.7455859375 0.169697265625 0.1034375 0.12083984375
0 0.37431640625 0.09427734375 0.283359375 0.1885546875
0 0.597626953125 0.2421484375 0.24853515625 0.190546875
0 0.431630859375 0.7966992187499999 0.22806640625 0.1643359375
0 0.53025390625 0.46590820312500003 0.1163671875 0.06712890625