0 0.229326171875 0.8239453125 0.07615234375 0.0730078125
0 0.024072265625 0.2841796875 0.04814453125 0.0605078125
0 0.749345703125 0.38126953125 0.05091796875 0.046640625
1 0.42812500000000003 0.632900390625 0.1060546875 0.08658203125
1 0.33900390625 0.446435546875 0.095703125 0.08365234375
0 0.67521484375 0.437783203125 0.0398828125 0.03865234375
0 0.599013671875 0.59294921875 0.05951171875 0.053984375
0 0.39529296875 0.8196484374999999 0.1062109375 0.0779296875
0 0.23469726562499998 0.91634765625 0.05091796875 0.063203125
0 0.31482421875 0.5951269531250001 0.06546875 0.04947265625
0 0.520048828125 0.393974609375 0.04724609375 0.05091796875
0 0.119365234375 0.5512890625 0.03623046875 0.05578125
0 0.196953125 0.665302734375 0.03578125 0.03884765625
0 0.625888671875 0.7402441406250001 0.03197265625 0.02869140625
0 0.33946289062499996 0.24302734375 0.04556640625 0.0432421875
0 0.338935546875 0.10693359375 0.05580078125 0.05625
0 0.443955078125 0.28492187500000005 0.06537109375 0.0618359375
1 0.538603515625 0.7927832031250001 0.09275390625 0.10982421875
0 0.17732421874999998 0.395390625 0.0623828125 0.0792578125