0 0.57919921875 0.6908203125 0.0876171875 0.083203125
0 0.725341796875 0.6344921875 0.08982421875 0.078046875
0 0.804501953125 0.6035742187500001 0.10087890625 0.0839453125
0 0.9484472656249999 0.536943359375 0.10310546875 0.09939453125
0 0.8144042968749999 0.339248046875 0.09873046875 0.11486328125
0 0.902421875 0.266728515625 0.177421875 0.11853515625
1 0.63224609375 0.1876953125 0.1675 0.1494921875
1 0.6677929687499999 0.264033203125 0.121875 0.11345703125
0 0.942900390625 0.9529687499999999 0.11419921875 0.0940625
0 0.9155078125 0.76193359375 0.168984375 0.1183984375
1 0.0783203125 0.9306640625 0.156640625 0.138671875
0 0.608291015625 0.45145507812499996 0.15373046875 0.15814453125
0 0.5346484375 0.539990234375 0.097265625 0.09365234375
0 0.330341796875 0.762236328125 0.17744140625 0.15830078125
0 0.4286328125 0.92052734375 0.1605078125 0.1067578125
0 0.6090234375 0.8594238281250001 0.0809765625 0.08025390625
0 0.672705078125 0.86310546875 0.07435546875 0.0964453125
0 0.489384765625 0.6705664062500001 0.12591796875 0.1295703125
0 0.653564453125 0.6639453125 0.08908203125 0.078046875
0 0.09764648437500001 0.160810546875 0.11705078125 0.09681640625
0 0.11226562500000001 0.062841796875 0.138671875 0.11462890625
0 0.362744140625 0.389248046875 0.13916015625 0.14650390625
0 0.267724609375 0.5016015625 0.13482421875 0.142109375
0 0.064189453125 0.48982421875 0.07658203125 0.0493359375
0 0.12267578125 0.642958984375 0.1348046875 0.12736328125
0 0.0401953125 0.7206445312499999 0.080390625 0.1075