0 0.1364453125 0.136357421875 0.031796875 0.03013671875
0 0.23715820312500002 0.164599609375 0.04892578125 0.03240234375
0 0.291650390625 0.6054492187499999 0.01662109375 0.0284375
0 0.116357421875 0.369970703125 0.02330078125 0.03474609375
0 0.339521484375 0.584599609375 0.04505859375 0.05119140625
0 0.6527832031249999 0.779140625 0.04033203125 0.0526171875
0 0.43904296875000004 0.7632617187499999 0.0431640625 0.0530859375
0 0.66603515625 0.96373046875 0.060234375 0.05875
0 0.719619140625 0.821083984375 0.05638671875 0.05591796875
0 0.13743164062500002 0.005546875 0.03326171875 0.01109375
0 0.8108496093750001 0.94287109375 0.05970703125 0.050234375
0 0.69220703125 0.6869531249999999 0.0326171875 0.026953125
0 0.7655761718749999 0.7627734374999999 0.03837890625 0.03421875
0 0.04728515625 0.220185546875 0.0506640625 0.04431640625
0 0.069189453125 0.37556640625 0.02099609375 0.034921875