0 0.5731445312500001 0.50857421875 0.0643359375 0.0489453125
0 0.03228515625 0.0662890625 0.0645703125 0.067890625
0 0.20595703125 0.179775390625 0.0759765625 0.06646484375
0 0.23447265625 0.2643359375 0.0388671875 0.0450390625
0 0.545595703125 0.210966796875 0.07048828125 0.06048828125
0 0.514384765625 0.139130859375 0.03759765625 0.03095703125
0 0.56775390625 0.077060546875 0.03828125 0.05572265625
0 0.5835937499999999 0.159970703125 0.030859375 0.02966796875
0 0.613701171875 0.221611328125 0.02423828125 0.03076171875
0 0.62208984375 0.6834277343749999 0.0515234375 0.03916015625
0 0.1639453125 0.4480078125 0.0335546875 0.0624609375
0 0.189345703125 0.455693359375 0.03310546875 0.06013671875
1 0.5209570312499999 0.73244140625 0.06578125 0.0859375
1 0.75748046875 0.77822265625 0.064453125 0.093984375
1 0.9643359375 0.766474609375 0.071328125 0.05439453125
1 0.8701171875 0.148369140625 0.084375 0.04427734375
0 0.351669921875 0.643564453125 0.04474609375 0.04111328125
0 0.38103515625 0.2087890625 0.05203125 0.055390625
0 0.10132812499999999 0.36306640625000003 0.071875 0.0496484375
0 0.167587890625 0.36411132812499997 0.06486328125 0.07279296875
0 0.29583984375 0.38533203125 0.05734375 0.06578125
0 0.5380078125000001 0.330302734375 0.064375 0.07697265625
0 0.073359375 0.54771484375 0.057109375 0.051328125
0 0.028193359375 0.144677734375 0.05638671875 0.05572265625
0 0.475 0.964296875 0.0489453125 0.05875
0 0.612841796875 0.9311230468749999 0.05552734375 0.05134765625
0 0.5237890625 0.8705175781250001 0.048984375 0.05412109375
0 0.6466601562500001 0.843701171875 0.05875 0.05458984375
0 0.379267578125 0.787998046875 0.06392578125 0.05693359375
0 0.29325195312499996 0.765615234375 0.04201171875 0.04107421875
0 0.210029296875 0.722724609375 0.02474609375 0.03267578125
0 0.215390625 0.902216796875 0.0569140625 0.05505859375
0 0.33126953125 0.936484375 0.0526953125 0.0601953125
0 0.081279296875 0.9498437500000001 0.04755859375 0.0643359375
0 0.135830078125 0.731826171875 0.05423828125 0.04720703125
0 0.0278125 0.71111328125 0.055625 0.049140625
0 0.18410156249999998 0.8272070312500001 0.0264453125 0.02
0 0.60865234375 0.629443359375 0.063828125 0.06208984375
0 0.146240234375 0.5895312500000001 0.05126953125 0.0505078125
0 0.2391015625 0.46619140625 0.042734375 0.0361328125
0 0.391572265625 0.527080078125 0.04744140625 0.04240234375
0 0.884638671875 0.813603515625 0.02482421875 0.02455078125