0 0.3934765625 0.950791015625 0.0634765625 0.07201171875
0 0.381328125 0.051230468749999994 0.0429296875 0.039375
0 0.6514257812500001 0.017421875 0.033671875 0.03484375
0 0.642734375 0.0830859375 0.0285546875 0.0323828125
1 0.43759765624999997 0.324697265625 0.0736328125 0.06994140625
0 0.79185546875 0.9471484375 0.087734375 0.0852734375
0 0.757568359375 0.774560546875 0.07626953125 0.08861328125
0 0.833193359375 0.839296875 0.05708984375 0.060546875
0 0.888583984375 0.7758398437499999 0.06306640625 0.0596484375
0 0.85302734375 0.5099609375 0.0675 0.065703125
1 0.87328125 0.272880859375 0.0736328125 0.07611328125
1 0.508232421875 0.909072265625 0.11337890625 0.12521484375
0 0.1874609375 0.9704296875 0.074140625 0.059140625
0 0.305908203125 0.918681640625 0.04345703125 0.04263671875
0 0.098447265625 0.10135742187499999 0.04650390625 0.04224609375
0 0.14390625 0.023427734375 0.055 0.04685546875
0 0.2772265625 0.205390625 0.063203125 0.0550390625
0 0.42095703125 0.1419140625 0.038359375 0.046875