0 0.586064453125 0.7261425781249999 0.22298828125 0.31919921875
0 0.122724609375 0.7835156249999999 0.10552734375 0.096953125
0 0.196240234375 0.55228515625 0.32826171875 0.211328125
1 0.291064453125 0.286689453125 0.06501953125 0.10001953125
1 0.6148925781250001 0.42267578125 0.11220703125 0.0429296875
1 0.83873046875 0.399736328125 0.088359375 0.07423828125
0 0.867060546875 0.66443359375 0.04091796875 0.0726171875
0 0.6640917968750001 0.505205078125 0.07658203125 0.12810546875
0 0.39252929687500004 0.910146484375 0.18720703125 0.09939453125
0 0.101337890625 0.197666015625 0.20267578125 0.09423828125
0 0.3175390625 0.147236328125 0.13546875 0.07435546875
0 0.495126953125 0.19450195312500002 0.22162109375 0.17080078125
0 0.6202929687500001 0.325556640625 0.0773046875 0.12810546875
1 0.238427734375 0.211796875 0.06986328125 0.0813671875
0 0.25935546875 0.849716796875 0.079140625 0.13314453125