0 0.882216796875 0.7920703124999999 0.23556640625 0.114296875
0 0.9103222656250001 0.96240234375 0.15591796875 0.0751953125
0 0.738681640625 0.206748046875 0.25197265625 0.10162109375
0 0.056259765625 0.9763964843749999 0.05986328125 0.04720703125
0 0.401513671875 0.9694335937499999 0.09048828125 0.0611328125
0 0.0425390625 0.384951171875 0.085078125 0.07935546875
1 0.49533203125 0.24755859375 0.1679296875 0.1255859375
1 0.1190234375 0.21154296875 0.12671875 0.1128515625
0 0.037470703125 0.06525390625 0.04455078125 0.029375
0 0.015400390625 0.184482421875 0.03080078125 0.05708984375
0 0.20140624999999998 0.078583984375 0.1241015625 0.08990234375
1 0.6545800781250001 0.86181640625 0.14787109375 0.1166015625
0 0.968525390625 0.508837890625 0.06294921875 0.06822265625
0 0.810380859375 0.49630859374999997 0.24779296875 0.1044140625
0 0.96783203125 0.25060546875 0.0643359375 0.069609375
0 0.900869140625 0.221376953125 0.07517578125 0.06681640625
0 0.7901855468750001 0.034833984375 0.32994140625 0.06681640625