0 0.42125 0.41779296875 0.0927734375 0.083046875
0 0.9101074218749999 0.80919921875 0.17978515625 0.111328125
0 0.811689453125 0.6162402343750001 0.07642578125 0.07951171875
0 0.8885156249999999 0.462509765625 0.19421875 0.24279296875
0 0.9460546875 0.270703125 0.107890625 0.138671875
0 0.501201171875 0.25037109375 0.12544921875 0.103359375
0 0.31338867187499997 0.704228515625 0.11037109375 0.12404296875
0 0.1642578125 0.28835937500000003 0.1484375 0.1909375
0 0.32583007812500003 0.027783203125 0.08041015625 0.05556640625
0 0.30064453125 0.34181640625 0.0954296875 0.083046875
0 0.8378320312499999 0.239326171875 0.0971875 0.10955078125
0 0.717666015625 0.067978515625 0.12544921875 0.13595703125
0 0.660419921875 0.15504882812499998 0.07775390625 0.07775390625
0 0.9838183593750001 0.27806640625 0.03236328125 0.0478515625
0 0.29623046875000003 0.129775390625 0.128984375 0.10072265625
0 0.400478515625 0.1880859375 0.12369140625 0.1025
0 0.627109375 0.209287109375 0.0715625 0.06185546875
0 0.6755078125 0.6162304687500001 0.126171875 0.141015625
0 0.73958984375 0.728623046875 0.1506640625 0.18130859375