0 0.387724609375 0.29185546875 0.04345703125 0.1656640625
0 0.429638671875 0.286689453125 0.03732421875 0.16822265625
0 0.686318359375 0.5781738281250001 0.01791015625 0.02556640625
0 0.345087890625 0.841318359375 0.20056640625 0.17060546875
0 0.099609375 0.820458984375 0.19921875 0.22662109375
0 0.46645507812500003 0.28694335937500004 0.04244140625 0.16259765625
0 0.8912890625000001 0.084990234375 0.217421875 0.16998046875
0 0.8330566406250001 0.635947265625 0.05267578125 0.06033203125
0 0.512138671875 0.60779296875 0.06220703125 0.0549609375
0 0.571044921875 0.43805664062500005 0.08544921875 0.04291015625
0 0.74130859375 0.447744140625 0.079296875 0.02455078125
0 0.422724609375 0.4323046875 0.06177734375 0.055078125
1 0.507109375 0.8365917968750001 0.1196484375 0.10369140625
1 0.17146484374999998 0.8907910156250001 0.0876171875 0.08099609375
0 0.32767578125 0.672822265625 0.0308984375 0.03021484375
0 0.067802734375 0.69751953125 0.13560546875 0.16609375
0 0.776708984375 0.682216796875 0.02822265625 0.05216796875