1 0.57603515625 0.583017578125 0.103359375 0.10689453125
0 0.5769140625 0.823779296875 0.1387109375 0.16611328125
0 0.8079589843749999 0.83658203125 0.09189453125 0.1016015625
0 0.379013671875 0.82068359375 0.09455078125 0.1069140625
0 0.29419921875 0.838798828125 0.1069140625 0.08482421875
0 0.7927929687499999 0.54158203125 0.0721484375 0.0861328125
0 0.766953125 0.411806640625 0.0557421875 0.06544921875
0 0.762353515625 0.336904296875 0.07822265625 0.07107421875
0 0.481162109375 0.09099609375 0.08474609375 0.1819921875
0 0.72048828125 0.119033203125 0.131796875 0.20248046875
0 0.7369140624999999 0.260029296875 0.057734375 0.08345703125
0 0.9719628906250001 0.31734375000000004 0.05607421875 0.1403125
0 0.93814453125 0.083837890625 0.0928515625 0.16767578125
0 0.957548828125 0.207646484375 0.04052734375 0.03021484375
1 0.48348632812500003 0.387060546875 0.11607421875 0.11095703125