0 0.673603515625 0.7858203125000001 0.04521484375 0.0368359375
0 0.40810546875000003 0.698642578125 0.02890625 0.03123046875
0 0.48314453125 0.964091796875 0.0446875 0.04240234375
0 0.9851757812499999 0.921494140625 0.0296484375 0.03123046875
0 0.8794433593750001 0.8161328125 0.03728515625 0.0265625
0 0.97708984375 0.7662500000000001 0.0359375 0.0638671875
0 0.9810546875 0.853427734375 0.021484375 0.04056640625
0 0.9563671875 0.86134765625 0.02703125 0.0358984375
0 0.79083984375 0.8268554687499999 0.03734375 0.029375
0 0.687333984375 0.86228515625 0.03455078125 0.0526953125
0 0.620927734375 0.846669921875 0.04150390625 0.03357421875
0 0.83 0.76134765625 0.0326953125 0.02984375
0 0.532783203125 0.7604199218750001 0.02662109375 0.03822265625
0 0.460556640625 0.71287109375 0.03962890625 0.0363671875
0 0.03443359375 0.042451171875 0.043359375 0.04568359375
0 0.015 0.11353515624999999 0.03 0.0358984375
0 0.099443359375 0.12309570312500001 0.03548828125 0.04662109375
0 0.14725585937500002 0.15947265625 0.03775390625 0.0363671875
0 0.07869140625 0.22053710937499998 0.091796875 0.04568359375
0 0.0952734375 0.271357421875 0.042890625 0.02517578125
0 0.061005859375 0.329404296875 0.03775390625 0.03869140625
0 0.17475585937500002 0.253876953125 0.04521484375 0.03498046875
0 0.143046875 0.3562109375 0.0358984375 0.03171875
0 0.10132812499999999 0.43196289062500004 0.0335546875 0.03216796875
0 0.228583984375 0.474619140625 0.03548828125 0.02517578125
0 0.06563476562500001 0.518916015625 0.04611328125 0.04009765625
0 0.196884765625 0.570673828125 0.04470703125 0.03263671875
0 0.2048046875 0.508662109375 0.0289453125 0.02236328125
0 0.34185546875 0.621220703125 0.0381640625 0.02279296875
0 0.405537109375 0.659482421875 0.05173828125 0.05080078125
0 0.813798828125 0.28810546875 0.03490234375 0.0302734375
0 0.02267578125 0.28335937499999997 0.0453515625 0.0637890625
0 0.6759765625 0.38552734375000003 0.035625 0.0434375
0 0.615400390625 0.38701171875 0.03318359375 0.041015625
0 0.955673828125 0.31357421874999997 0.04857421875 0.0532421875
0 0.922451171875 0.40041015625000004 0.04740234375 0.0520703125
0 0.88791015625 0.308828125 0.0333984375 0.028359375
0 0.533046875 0.36419921875 0.0402734375 0.0369140625
0 0.656796875 0.6294921875 0.0391796875 0.03859375
0 0.416396484375 0.41136718749999995 0.02404296875 0.0262890625
0 0.6392187500000001 0.023564453125000002 0.0631640625 0.03021484375
0 0.708603515625 0.0369140625 0.04095703125 0.0322265625
0 0.849453125 0.046044921875000006 0.0341796875 0.03458984375
0 0.836826171875 0.08529296874999999 0.02447265625 0.028359375
0 0.78091796875 0.06368164062500001 0.0346484375 0.03146484375
0 0.745654296875 0.13873046875 0.03423828125 0.0323046875
0 0.68990234375 0.26662109375 0.0437109375 0.0383203125
0 0.743984375 0.22365234374999998 0.028203125 0.0356640625
0 0.78359375 0.3569140625 0.02953125 0.03765625
0 0.9635156250000001 0.171279296875 0.0389453125 0.03162109375
0 0.9251171874999999 0.231279296875 0.03625 0.03021484375
0 0.829443359375 0.422861328125 0.02681640625 0.02798828125
0 0.9005761718749999 0.5591503906249999 0.03345703125 0.04396484375
0 0.974775390625 0.611416015625 0.03689453125 0.03431640625
0 0.5372460937500001 0.678974609375 0.043828125 0.03169921875
0 0.5742578125 0.49257812500000003 0.055 0.0494140625
0 0.8741601562500001 0.680703125 0.0348046875 0.0318359375
0 0.740458984375 0.638876953125 0.02994140625 0.03076171875
0 0.783544921875 0.5635449218749999 0.04267578125 0.03962890625
0 0.9333300781249999 0.495390625 0.06478515625 0.0415625
0 0.50619140625 0.070751953125 0.038671875 0.03787109375
0 0.66951171875 0.102841796875 0.0354296875 0.04572265625
0 0.635009765625 0.147607421875 0.04009765625 0.03455078125
0 0.31448242187500003 0.29515624999999995 0.03869140625 0.0359375
0 0.3894140625 0.31883789062499995 0.04015625 0.04705078125
0 0.314443359375 0.498037109375 0.04291015625 0.03669921875
0 0.264013671875 0.3993359375 0.02708984375 0.0265625
0 0.479384765625 0.464609375 0.04103515625 0.0377734375
0 0.457958984375 0.5382617187500001 0.03548828125 0.0275
0 0.563115234375 0.29281250000000003 0.05080078125 0.0363671875
0 0.610908203125 0.23872070312500002 0.03263671875 0.03728515625
0 0.5605273437499999 0.256669921875 0.0457421875 0.02470703125
0 0.47943359375 0.26809570312500003 0.041015625 0.03822265625
0 0.39131835937500004 0.155966796875 0.04009765625 0.03404296875
0 0.27708984375 0.226826171875 0.02796875 0.03216796875
0 0.3239453125 0.07251953125 0.0629296875 0.129140625
0 0.259375 0.13172851562500001 0.055 0.03123046875
0 0.262646484375 0.09490234375 0.04568359375 0.0349609375
0 0.223681640625 0.177177734375 0.03119140625 0.02611328125
0 0.110654296875 0.037089843750000004 0.03357421875 0.0377734375