0 0.83701171875 0.227744140625 0.107890625 0.17029296875
0 0.066015625 0.275771484375 0.0801953125 0.07970703125
0 0.918076171875 0.228330078125 0.07990234375 0.16212890625
0 0.75390625 0.20732421875 0.086328125 0.1586328125
0 0.69091796875 0.20500000000000002 0.0898046875 0.151640625
0 0.61306640625 0.18080078125000001 0.05890625 0.12421875
0 0.939072265625 0.552578125 0.08224609375 0.0828125
0 0.861787109375 0.722412109375 0.27642578125 0.19013671875
0 0.609853515625 0.619765625 0.42806640625 0.2880859375
0 0.705791015625 0.439560546875 0.07755859375 0.07931640625
0 0.639892578125 0.410400390625 0.08107421875 0.08048828125
0 0.42264648437499996 0.49613281249999996 0.33474609375 0.2426171875
0 0.4212109375 0.37458984375 0.0759765625 0.08
0 0.352548828125 0.3447265625 0.07357421875 0.0803125
0 0.137314453125 0.307900390625 0.07630859375 0.08017578125
0 0.151240234375 0.426767578125 0.30248046875 0.24185546875
0 0.166806640625 0.591328125 0.08490234375 0.0823828125
0 0.266884765625 0.8933593750000001 0.19314453125 0.21328125
0 0.504111328125 0.958017578125 0.10498046875 0.08396484375