0 0.9885839843750001 0.63880859375 0.02283203125 0.046875
1 0.6463671875 0.052734375 0.15265625 0.10546875
0 0.8925976562500001 0.95984375 0.0496875 0.0803125
0 0.097802734375 0.1984375 0.10388671875 0.06265625
0 0.066328125 0.385927734375 0.13265625 0.10896484375
0 0.25384765625 0.198779296875 0.0994140625 0.14724609375
0 0.37050781250000003 0.23669921875 0.097265625 0.1509375
0 0.26187499999999997 0.445419921875 0.1258984375 0.08833984375
0 0.15842773437500002 0.4976953125 0.12369140625 0.0927734375
0 0.427197265625 0.50138671875 0.14880859375 0.1016015625
0 0.0450390625 0.592314453125 0.0544921875 0.05080078125
0 0.48922851562499997 0.315615234375 0.10306640625 0.09939453125
0 0.688916015625 0.5529296875 0.07287109375 0.06171875
0 0.819931640625 0.5940722656249999 0.08009765625 0.06646484375
0 0.90640625 0.613251953125 0.0451953125 0.08095703125
0 0.141865234375 0.052705078125 0.13326171875 0.10541015625
0 0.099833984375 0.8487402343749999 0.19966796875 0.08798828125
0 0.2412890625 0.860380859375 0.0683984375 0.08099609375
1 0.6743554687500001 0.14115234375000002 0.178125 0.1679296875