0 0.7400488281250001 0.121572265625 0.02138671875 0.02673828125
0 0.83783203125 0.8273046875 0.0490625 0.046171875
0 0.7829980468750001 0.877919921875 0.02869140625 0.02728515625
0 0.8438964843750001 0.8884960937499999 0.03431640625 0.02671875
0 0.8922656250000001 0.8772460937500001 0.025859375 0.034609375
0 0.32625 0.016455078125 0.0588671875 0.03291015625
0 0.45816406249999997 0.08536132812500001 0.0396875 0.03685546875
0 0.247734375 0.07783203125 0.0408203125 0.04421875
0 0.374814453125 0.258134765625 0.03353515625 0.03255859375
0 0.42640625 0.7970605468749999 0.0385546875 0.05013671875
1 0.557841796875 0.109990234375 0.08263671875 0.06248046875
0 0.10751953125000001 0.26760742187500003 0.0208984375 0.02623046875
0 0.31747070312500003 0.15072265625 0.03548828125 0.039375
0 0.912822265625 0.0387109375 0.04908203125 0.050546875
0 0.7038476562499999 0.03044921875 0.0316015625 0.0252734375
0 0.49388671875 0.13759765625 0.039375 0.0451953125
0 0.2027734375 0.103828125 0.0189453125 0.0204296875
0 0.377802734375 0.467021484375 0.12806640625 0.12876953125
0 0.445576171875 0.513427734375 0.10853515625 0.11126953125
0 0.56423828125 0.5414257812500001 0.0741796875 0.0762890625
0 0.711904296875 0.35595703125 0.10357421875 0.067890625