0 0.776416015625 0.706240234375 0.08572265625 0.09337890625
0 0.38283203125000004 0.35224609375 0.04171875 0.04171875
0 0.846337890625 0.767958984375 0.04619140625 0.04759765625
0 0.567353515625 0.572138671875 0.08544921875 0.08748046875
1 0.58669921875 0.1430078125 0.2225390625 0.2071484375
0 0.236220703125 0.31431640625 0.11337890625 0.135078125
0 0.32947265625 0.4283203125 0.0533203125 0.051640625
0 0.16550781250000002 0.63619140625 0.06046875 0.0663671875
0 0.26611328125 0.9271679687500001 0.1522265625 0.1456640625
0 0.54955078125 0.79892578125 0.226875 0.1901171875
0 0.909091796875 0.885244140625 0.09447265625 0.10146484375
0 0.684287109375 0.522451171875 0.09044921875 0.08134765625
0 0.54720703125 0.325380859375 0.1089453125 0.11951171875
0 0.508544921875 0.42381835937499995 0.05669921875 0.05791015625
0 0.772265625 0.141806640625 0.0896484375 0.09376953125
0 0.391357421875 0.593017578125 0.05708984375 0.06158203125