0 0.03064453125 0.086455078125 0.0479296875 0.03099609375
0 0.033994140625 0.13634765625 0.05154296875 0.019140625
0 0.5701171875 0.263466796875 0.0478515625 0.02392578125
0 0.585029296875 0.373935546875 0.02701171875 0.02951171875
0 0.3877734375 0.30788085937500004 0.016953125 0.03681640625
0 0.7571289062500001 0.92763671875 0.0306640625 0.0302734375
0 0.9859375 0.9865234374999999 0.028125 0.026953125
0 0.65181640625 0.939892578125 0.047890625 0.03677734375
0 0.8154589843750001 0.8126855468749999 0.03166015625 0.03638671875
0 0.9335253906250001 0.86357421875 0.04822265625 0.0505859375
0 0.871474609375 0.8935156249999999 0.05326171875 0.0423046875
0 0.9526171874999999 0.5090625 0.038671875 0.0346875
0 0.74974609375 0.227958984375 0.0291015625 0.02455078125
0 0.490537109375 0.30708984375 0.02822265625 0.0319140625
0 0.7906933593750001 0.9892089843749999 0.03724609375 0.02158203125
0 0.494609375 0.37032226562500004 0.0235546875 0.04048828125
0 0.5711035156250001 0.062705078125 0.03166015625 0.02208984375