0 0.26985351562500004 0.361181640625 0.16802734375 0.13654296875
0 0.2436328125 0.2215625 0.1910546875 0.2226171875
0 0.13740234375 0.259169921875 0.099375 0.11337890625
1 0.6701953125 0.42965820312499997 0.178984375 0.19349609375
0 0.834501953125 0.837880859375 0.22396484375 0.20353515625
0 0.094453125 0.9712890625 0.18890625 0.057421875
0 0.016201171875 0.621943359375 0.03240234375 0.10279296875
0 0.20861328125 0.50044921875 0.184140625 0.282109375
3 0.01927734375 0.522578125 0.0385546875 0.03828125
0 0.918212890625 0.4894921875 0.12248046875 0.1021875
0 0.851767578125 0.2981640625 0.10439453125 0.2455859375
0 0.360654296875 0.9276953125 0.19302734375 0.09390625
0 0.377861328125 0.826806640625 0.19478515625 0.09041015625
0 0.100283203125 0.8819140625 0.20056640625 0.101484375
0 0.101123046875 0.785390625 0.18720703125 0.090390625