0 0.588125 0.32482421875 0.166953125 0.133125
0 0.817431640625 0.385380859375 0.10865234375 0.08818359375
0 0.857265625 0.208642578125 0.0954296875 0.11888671875
0 0.795263671875 0.09061523437499999 0.09501953125 0.11888671875
0 0.7528515625000001 0.023046875 0.077578125 0.04609375
0 0.509697265625 0.1110546875 0.19658203125 0.222109375
0 0.039580078125 0.508642578125 0.05951171875 0.06259765625
0 0.666005859375 0.47818359374999997 0.02576171875 0.0323828125
0 0.108857421875 0.7438281250000001 0.06013671875 0.0607421875
0 0.212099609375 0.941708984375 0.11759765625 0.09919921875
0 0.9119238281250001 0.028505859374999998 0.03755859375 0.03541015625
0 0.1167578125 0.9724609375000001 0.1089453125 0.055078125
3 0.18427734375000002 0.8009960937499999 0.0332421875 0.029140625
0 0.17788085937499998 0.47506835937499997 0.09755859375 0.12185546875
0 0.230927734375 0.56927734375 0.09630859375 0.1125
0 0.342978515625 0.43118164062500003 0.18509765625 0.21833984375
0 0.671171875 0.67046875 0.112890625 0.0859765625
0 0.595712890625 0.716787109375 0.10185546875 0.08779296875
0 0.5089453125 0.768798828125 0.1196484375 0.09939453125
0 0.430966796875 0.81220703125 0.08529296875 0.07859375
0 0.3497265625 0.8629687500000001 0.121484375 0.0987890625
0 0.417431640625 0.556904296875 0.13345703125 0.13498046875
0 0.9678613281249999 0.45591796875 0.06427734375 0.0495703125
0 0.8711718749999999 0.828759765625 0.1326171875 0.12201171875
0 0.830576171875 0.9100488281250001 0.10955078125 0.12025390625
0 0.885751953125 0.72279296875 0.11052734375 0.1130859375
0 0.48533203124999996 0.38072265625 0.096953125 0.0901953125
0 0.91828125 0.328876953125 0.1423046875 0.10779296875
0 0.08768554687499999 0.59349609375 0.10736328125 0.14296875