0 0.058203124999999994 0.5900292968749999 0.0525 0.03615234375
0 0.176767578125 0.217392578125 0.04064453125 0.05388671875
0 0.11414062500000001 0.035107421875 0.0507421875 0.04548828125
0 0.683154296875 0.48971679687499997 0.02158203125 0.01982421875
0 0.842900390625 0.560546875 0.06763671875 0.0601171875
1 0.850283203125 0.8972265625 0.20154296875 0.137734375
0 0.8069921875 0.5721777343750001 0.033984375 0.03654296875
0 0.803125 0.6291015624999999 0.03203125 0.033984375
0 0.68884765625 0.717763671875 0.07734375 0.09478515625
0 0.34390624999999997 0.577548828125 0.0846484375 0.08017578125
0 0.452392578125 0.69494140625 0.08673828125 0.0806640625
0 0.4776171875 0.51603515625 0.0590625 0.0579296875
0 0.640126953125 0.39445312499999996 0.07818359375 0.0874609375
0 0.255419921875 0.17080078124999998 0.02814453125 0.0340234375
0 0.26578124999999997 0.30244140625 0.0469921875 0.0538671875
0 0.428046875 0.236083984375 0.045 0.03689453125
0 0.37783203125 0.43229492187499996 0.0725390625 0.07537109375
0 0.21845703125 0.4059765625 0.049453125 0.045390625
0 0.114375 0.31932617187499995 0.0559375 0.05021484375
0 0.12369140625 0.2466015625 0.0495703125 0.0473046875
0 0.176943359375 0.347041015625 0.05228515625 0.05310546875
0 0.022431640625 0.08818359375000001 0.04486328125 0.06546875
0 0.040859375 0.152216796875 0.0690625 0.05912109375
0 0.206123046875 0.11073242187500001 0.08466796875 0.08048828125
0 0.716650390625 0.08798828125000001 0.17916015625 0.149765625