0 0.305654296875 0.493232421875 0.06244140625 0.05908203125
0 0.199462890625 0.511279296875 0.05041015625 0.07330078125
0 0.5408496093749999 0.884013671875 0.06552734375 0.07361328125
0 0.560751953125 0.95599609375 0.07146484375 0.0880078125
0 0.73384765625 0.9486621093750001 0.071171875 0.10267578125
0 0.712021484375 0.71703125 0.08794921875 0.0866796875
0 0.156689453125 0.33953125 0.04083984375 0.0453125
0 0.271669921875 0.370849609375 0.04810546875 0.04419921875
0 0.445771484375 0.390947265625 0.05259765625 0.06376953125
0 0.6566796875 0.336083984375 0.090234375 0.21826171875
0 0.792978515625 0.36962890625 0.05986328125 0.1124609375
0 0.96177734375 0.52689453125 0.0764453125 0.1062890625
0 0.3201953125 0.626455078125 0.0606640625 0.06904296875
0 0.6005078125 0.096484375 0.090625 0.19296875
0 0.877353515625 0.051162109375 0.09087890625 0.10232421875
0 0.73185546875 0.023125 0.0608984375 0.04625
0 0.7594140625 0.12546875000000002 0.0869921875 0.1064453125
0 0.534384765625 0.231875 0.08216796875 0.074921875
0 0.347685546875 0.02888671875 0.08548828125 0.0577734375
0 0.32947265625 0.14418945312499998 0.0862890625 0.13220703125
0 0.23393554687499998 0.27373046875 0.04201171875 0.048671875
0 0.46060546875 0.647578125 0.145 0.18125
0 0.38440429687500005 0.913056640625 0.05841796875 0.05310546875