0 0.952490234375 0.076611328125 0.04048828125 0.09025390625
0 0.9700390625 0.19419921874999999 0.0392578125 0.080390625
0 0.7530859375 0.386484375 0.088359375 0.1441796875
0 0.803095703125 0.5773046875000001 0.08896484375 0.14296875
0 0.818115234375 0.77916015625 0.09326171875 0.1564453125
0 0.8524804687499999 0.9360546875 0.100625 0.127890625
0 0.715341796875 0.9483300781249999 0.06810546875 0.10333984375
0 0.554287109375 0.819033203125 0.07853515625 0.15154296875
0 0.50857421875 0.6079882812499999 0.1024609375 0.1858984375
0 0.45244140625 0.460390625 0.0687109375 0.0601953125
0 0.4515234375 0.37912109374999997 0.080390625 0.1024609375
0 0.6273046875 0.432470703125 0.0699609375 0.13318359375
0 0.33978515625000005 0.94912109375 0.0816015625 0.1017578125
0 0.306708984375 0.853740234375 0.09556640625 0.09134765625
0 0.19162109375 0.6629296875 0.0435546875 0.0976171875
0 0.268935546875 0.592060546875 0.05951171875 0.11173828125
0 0.257705078125 0.04939453125 0.03927734375 0.037421875