0 0.038291015625 0.41142578125 0.07658203125 0.1068359375
0 0.07854492187499999 0.0481640625 0.13251953125 0.096328125
0 0.11953125 0.29150390625 0.121484375 0.1171875
0 0.205126953125 0.3614453125 0.10369140625 0.1024609375
0 0.34881835937500005 0.213525390625 0.10369140625 0.10552734375
0 0.603583984375 0.359697265625 0.10072265625 0.10021484375
0 0.10169921875 0.48136718749999996 0.1055859375 0.0969921875
0 0.042587890625 0.74458984375 0.08517578125 0.0871875
0 0.028779296875 0.6491796875 0.05755859375 0.133203125
0 0.072900390625 0.9269140625000001 0.11412109375 0.146171875
0 0.20450195312500002 0.771611328125 0.09755859375 0.12638671875
0 0.24806640625 0.874384765625 0.0852734375 0.10861328125
0 0.32144531249999997 0.583740234375 0.1178125 0.18283203125
0 0.41958984374999997 0.7230175781250001 0.108046875 0.16197265625
0 0.52453125 0.61134765625 0.14234375 0.2110546875
0 0.51630859375 0.290322265625 0.1278125 0.11349609375
0 0.27505859375 0.10835937500000001 0.1233203125 0.1116796875
0 0.29041015625 0.182880859375 0.0901953125 0.05833984375
0 0.189169921875 0.095166015625 0.05705078125 0.08529296875
0 0.9610253906249999 0.33015625000000004 0.07794921875 0.0570703125
0 0.660380859375 0.11910156250000001 0.11595703125 0.10859375
0 0.741328125 0.190849609375 0.1209375 0.11111328125
0 0.78765625 0.044365234375 0.1276953125 0.08873046875
0 0.91806640625 0.101005859375 0.14296875 0.14111328125