0 0.186220703125 0.7773828125 0.05572265625 0.05578125
0 0.32613281250000004 0.330166015625 0.105546875 0.11037109375
0 0.322509765625 0.6608300781249999 0.08255859375 0.07794921875
0 0.372861328125 0.75080078125 0.05302734375 0.0470703125
0 0.096943359375 0.6867089843749999 0.04498046875 0.04498046875
0 0.2731640625 0.553076171875 0.0684765625 0.05712890625
0 0.073837890625 0.595810546875 0.11009765625 0.10541015625
0 0.386328125 0.5906250000000001 0.038671875 0.04921875
0 0.018193359375 0.41371093750000004 0.03638671875 0.111171875
0 0.1863671875 0.3534375 0.0526953125 0.052265625
1 0.257568359375 0.914306640625 0.13232421875 0.10814453125
0 0.128232421875 0.20294921875 0.04060546875 0.0299609375
0 0.0987109375 0.41684570312499997 0.0358984375 0.03919921875
0 0.135595703125 0.28478515625 0.04802734375 0.0480078125