0 0.26724609374999997 0.603359375 0.1144921875 0.12453125
0 0.3030078125 0.38041015624999996 0.086953125 0.0746484375
0 0.40564453125 0.355341796875 0.119609375 0.07466796875
1 0.358935546875 0.843857421875 0.10146484375 0.10427734375
0 0.470908203125 0.6516699218750001 0.09279296875 0.07291015625
0 0.5696679687499999 0.137509765625 0.0704296875 0.05740234375
0 0.5023828125 0.10595703125 0.0762890625 0.05125
0 0.206201171875 0.272822265625 0.10369140625 0.12751953125
0 0.0353125 0.615087890625 0.070625 0.09916015625
0 0.058876953125000006 0.386845703125 0.11638671875 0.13220703125
0 0.37484375 0.22633789062499998 0.0858203125 0.12990234375
0 0.12098632812499999 0.71634765625 0.11896484375 0.1238671875
0 0.21931640625 0.8444140625 0.11828125 0.1098828125
0 0.5723730468749999 0.626298828125 0.11728515625 0.07814453125
0 0.125966796875 0.129248046875 0.09322265625 0.08482421875
0 0.347255859375 0.08641601562500001 0.23513671875 0.08314453125
0 0.20113281249999998 0.10909179687500001 0.0621484375 0.07474609375
0 0.08193359375 0.9479296875000001 0.1259765625 0.104140625
0 0.635712890625 0.317431640625 0.11787109375 0.06416015625
0 0.1493359375 0.89794921875 0.067890625 0.0727734375
0 0.054375 0.194755859375 0.10875 0.12513671875
0 0.6840625 0.6044238281250001 0.1190234375 0.07873046875
0 0.79720703125 0.5816796875 0.1213671875 0.0740625
0 0.370859375 0.9681738281250001 0.0697265625 0.06193359375
0 0.765400390625 0.9846582031250001 0.04357421875 0.03068359375
0 0.966162109375 0.924775390625 0.06767578125 0.15044921875
0 0.872197265625 0.81626953125 0.07142578125 0.062734375
0 0.61640625 0.85890625 0.3607421875 0.1298046875
0 0.39564453125 0.71232421875 0.125390625 0.1172265625
0 0.4825 0.2275390625 0.05296875 0.029765625
0 0.520244140625 0.334052734375 0.11787109375 0.07056640625
0 0.8730078124999999 0.41584960937500004 0.0740234375 0.05365234375
0 0.800888671875 0.38248046874999997 0.07044921875 0.0536328125
0 0.7281835937500001 0.344931640625 0.0704296875 0.05482421875
0 0.4272265625 0.498623046875 0.090703125 0.13123046875
0 0.60958984375 0.468828125 0.0835546875 0.1240625
0 0.9635839843749999 0.6523828125 0.07162109375 0.0644921875
0 0.892724609375 0.6137109374999999 0.07033203125 0.056015625
0 0.6411816406249999 0.173232421875 0.07283203125 0.04779296875
0 0.1796484375 0.483056640625 0.1271875 0.11896484375
0 0.24701171875 0.421240234375 0.0823046875 0.07697265625