0 0.4234765625 0.25166015625 0.113203125 0.3705078125
0 0.24431640625 0.3419921875 0.0359375 0.070234375
0 0.227890625 0.41064453125 0.046015625 0.057109375
0 0.65078125 0.97033203125 0.0678515625 0.0593359375
0 0.1428125 0.392685546875 0.0303125 0.04302734375
0 0.019033203125 0.45279296874999997 0.03662109375 0.1296875
0 0.8870117187500001 0.604267578125 0.2259765625 0.08908203125
0 0.02984375 0.183544921875 0.0596875 0.36330078125
0 0.85865234375 0.270576171875 0.10015625 0.06705078125
0 0.912568359375 0.17373046875 0.17486328125 0.0802734375
0 0.645986328125 0.288916015625 0.11123046875 0.37345703125
0 0.1226953125 0.485341796875 0.0351953125 0.03908203125
0 0.19893554687499998 0.517626953125 0.05654296875 0.04623046875
0 0.209072265625 0.476044921875 0.04291015625 0.04158203125
1 0.153935546875 0.704052734375 0.15943359375 0.12763671875
0 0.127265625 0.45127929687499996 0.0321484375 0.03458984375
0 0.66099609375 0.031201171875 0.3696484375 0.06240234375
0 0.447724609375 0.0175390625 0.06853515625 0.035078125
0 0.124716796875 0.5424707031249999 0.04345703125 0.02818359375
0 0.19146484375 0.555244140625 0.0460546875 0.02919921875
1 0.5511132812499999 0.7644824218749999 0.1413671875 0.12634765625
1 0.19820312499999998 0.66287109375 0.165234375 0.15109375