0 0.019638671875 0.823955078125 0.02470703125 0.01822265625
0 0.04306640625 0.675888671875 0.049453125 0.04779296875
0 0.27878906249999996 0.756083984375 0.021875 0.02833984375
0 0.7807910156250001 0.974853515625 0.04994140625 0.03443359375
0 0.16280273437499998 0.78978515625 0.03158203125 0.0341015625
0 0.1686328125 0.9354980468749999 0.03484375 0.02107421875
0 0.052802734375 0.9632421875 0.02916015625 0.02390625
0 0.07527343750000001 0.844169921875 0.0230859375 0.02712890625
0 0.665869140625 0.82888671875 0.02396484375 0.04015625
0 0.679541015625 0.9862500000000001 0.04251953125 0.0275
0 0.627060546875 0.9416113281249999 0.02935546875 0.04353515625
0 0.723759765625 0.8494726562499999 0.03443359375 0.034765625
0 0.75177734375 0.900947265625 0.0458984375 0.03443359375