0 0.463046875 0.705595703125 0.0762890625 0.12396484375
1 0.34083984375 0.30203125000000003 0.0465234375 0.064921875
0 0.812275390625 0.19368164062499998 0.07150390625 0.12751953125
0 0.240087890625 0.205947265625 0.02529296875 0.03103515625
0 0.3186328125 0.9797265625 0.0330859375 0.040546875
0 0.31123046875 0.09736328124999999 0.0240234375 0.0353515625
0 0.46294921875 0.0846484375 0.044140625 0.0564453125
0 0.96884765625 0.29169921875 0.0623046875 0.2622265625
0 0.128359375 0.416845703125 0.041953125 0.06208984375
0 0.582841796875 0.35756835937500003 0.09177734375 0.16685546875
0 0.30431640625 0.20323242187499999 0.03984375 0.07337890625
1 0.04833984375 0.608642578125 0.0650390625 0.06197265625
0 0.762578125 0.5987304687499999 0.068984375 0.1319140625
0 0.39395507812499997 0.518642578125 0.04310546875 0.05345703125
0 0.7616796875 0.460380859375 0.041484375 0.03431640625
1 0.954228515625 0.062412109375 0.09154296875 0.12482421875
0 0.506806640625 0.190712890625 0.02529296875 0.02931640625
0 0.39499999999999996 0.17347656250000001 0.051171875 0.0408203125
0 0.442890625 0.240478515625 0.03859375 0.05955078125
0 0.168701171875 0.129384765625 0.04728515625 0.05330078125
0 0.140048828125 0.228984375 0.03013671875 0.0228515625
0 0.5786621093750001 0.61203125 0.07388671875 0.139453125
0 0.777705078125 0.312275390625 0.06435546875 0.13349609375
0 0.0494140625 0.17455078125 0.0451953125 0.054921875
0 0.10344726562499999 0.6684960937500001 0.03150390625 0.0216796875
0 0.7106054687500001 0.71177734375 0.0848828125 0.1262890625
0 0.13671875 0.986474609375 0.0296875 0.02705078125
0 0.01267578125 0.23311523437499998 0.0253515625 0.01845703125
1 0.56552734375 0.027119140625 0.1335546875 0.05423828125
0 0.10287109375 0.5421972656249999 0.05296875 0.03576171875
0 0.065810546875 0.8293066406249999 0.04251953125 0.05333984375
0 0.7126074218749999 0.972705078125 0.04451171875 0.04787109375
0 0.264296875 0.974296875 0.0256640625 0.037109375
0 0.27287109375 0.08960937499999999 0.0326171875 0.025
0 0.08308593750000001 0.694228515625 0.0396875 0.05056640625
0 0.22853515625 0.1009375 0.0283203125 0.01640625