0 0.131484375 0.15208984375 0.17421875 0.170390625
0 0.28041015625 0.57806640625 0.101875 0.1144921875
0 0.23640624999999998 0.66076171875 0.0987109375 0.1123828125
0 0.17916015625 0.7540625 0.1071875 0.135703125
0 0.120849609375 0.87705078125 0.13900390625 0.1569140625
0 0.35892578125 0.47044921875 0.1123828125 0.1049609375
0 0.46599609375 0.4884765625 0.120859375 0.081640625
0 0.575205078125 0.509677734375 0.11873046875 0.07740234375
0 0.706142578125 0.530888671875 0.15373046875 0.07529296875
0 0.865 0.86962890625 0.27 0.101796875
0 0.8870507812499999 0.7062890625 0.2258984375 0.0954296875
0 0.9210937499999999 0.493720703125 0.1578125 0.07876953125
0 0.44904296875 0.328916015625 0.1484375 0.14099609375
0 0.5555957031250001 0.349013671875 0.10072265625 0.13263671875
0 0.662138671875 0.37021484374999997 0.14630859375 0.136875
0 0.9028125 0.354306640625 0.1102734375 0.11353515625
1 0.35640625 0.11821289062500001 0.1817578125 0.19853515625
0 0.775078125 0.36513671875000003 0.108671875 0.1570703125
0 0.845185546875 0.5678515625 0.07423828125 0.03375