0 0.5528808593750001 0.24892578125 0.10123046875 0.10125
0 0.463544921875 0.1702734375 0.13314453125 0.1233203125
0 0.34646484375 0.028056640625 0.0828125 0.05611328125
0 0.10048828125 0.21091796875 0.0764453125 0.0826953125
0 0.0432421875 0.06831054687499999 0.055234375 0.07103515625
1 0.892490234375 0.762607421875 0.09939453125 0.09646484375
0 0.397958984375 0.5449609375 0.12517578125 0.130078125
0 0.041298828125 0.46732421874999996 0.08259765625 0.1098828125
0 0.13382812500000002 0.556015625 0.1675 0.14234375
0 0.26880859375 0.6667578125 0.1675 0.1478515625
0 0.175546875 0.7854785156249999 0.1613671875 0.15337890625
0 0.051416015625 0.701396484375 0.10283203125 0.13259765625
1 0.175068359375 0.9114062500000001 0.10380859375 0.08171875
0 0.6512890625 0.70166015625 0.1319140625 0.1334375
0 0.827353515625 0.062060546875 0.12025390625 0.12412109375
0 0.888251953125 0.950322265625 0.11349609375 0.09935546875
0 0.80818359375 0.879169921875 0.121484375 0.13251953125
0 0.7320996093750001 0.7926562500000001 0.11779296875 0.130078125
0 0.32279296874999996 0.46122070312499996 0.1233203125 0.12701171875
0 0.243955078125 0.37163085937499996 0.12517578125 0.12701171875