0 0.6076953125 0.120751953125 0.1209375 0.08162109375
0 0.777958984375 0.843857421875 0.06361328125 0.05068359375
0 0.947666015625 0.7980566406249999 0.08345703125 0.07115234375
0 0.39217773437500003 0.60177734375 0.07517578125 0.0612890625
0 0.47466796875 0.488662109375 0.216953125 0.12595703125
0 0.7041894531249999 0.519580078125 0.21759765625 0.12072265625
0 0.9080078125 0.568818359375 0.1715234375 0.10259765625
0 0.21826171875 0.5804785156250001 0.215 0.12345703125
0 0.29657226562500005 0.6398437499999999 0.06158203125 0.051796875
0 0.275498046875 0.738505859375 0.14142578125 0.11615234375
0 0.31736328125 0.218603515625 0.1673046875 0.10076171875
0 0.194462890625 0.26384765625 0.12505859375 0.0896875
0 0.66017578125 0.92841796875 0.0565625 0.0473046875
0 0.729638671875 0.13939453125 0.13705078125 0.088671875
0 0.827900390625 0.160556640625 0.06955078125 0.06853515625
0 0.694365234375 0.26837890625 0.08666015625 0.0644921875
1 0.295322265625 0.4058984375 0.10083984375 0.089609375
0 0.06400390625 0.375712890625 0.1280078125 0.09775390625
0 0.044296875 0.6156640625 0.08859375 0.10078125
0 0.116923828125 0.69970703125 0.10681640625 0.19953125
0 0.158740234375 0.8150976562500001 0.09978515625 0.099765625
0 0.20207031250000002 0.86548828125 0.0896875 0.0755859375