0 0.692119140625 0.7526562499999999 0.04439453125 0.0401171875
0 0.09697265625 0.30825195312500003 0.0287109375 0.02693359375
0 0.235869140625 0.9659960937500001 0.08845703125 0.0680078125
0 0.44673828125 0.60310546875 0.0566796875 0.0455859375
0 0.8404980468750001 0.486083984375 0.03267578125 0.03337890625
1 0.6985351562500001 0.566982421875 0.070234375 0.05666015625
1 0.5667089843750001 0.861552734375 0.15798828125 0.16599609375
1 0.06856445312500001 0.47455078125 0.11591796875 0.0976171875
0 0.878818359375 0.8917773437500001 0.06955078125 0.0619140625
0 0.917216796875 0.56384765625 0.05154296875 0.048671875
0 0.7488671874999999 0.758623046875 0.0394140625 0.04048828125
0 0.675361328125 0.449892578125 0.06142578125 0.06212890625
0 0.609365234375 0.677421875 0.05830078125 0.060859375
0 0.55287109375 0.531142578125 0.0567578125 0.06033203125
0 0.8037890625 0.7045507812499999 0.0262890625 0.0276953125
0 0.109912109375 0.36326171874999996 0.04900390625 0.0486328125