0 0.903623046875 0.62232421875 0.10306640625 0.049609375
0 0.40721679687499995 0.364365234375 0.03251953125 0.03810546875
0 0.408447265625 0.327861328125 0.03498046875 0.02888671875
0 0.41016601562500005 0.4337890625 0.03498046875 0.0319140625
0 0.530869140625 0.21224609375 0.33892578125 0.109921875
0 0.300263671875 0.068720703125 0.10091796875 0.13744140625
1 0.0791796875 0.350419921875 0.158359375 0.15419921875
0 0.4798046875 0.436240234375 0.0858984375 0.03189453125
0 0.42779296874999995 0.779033203125 0.1310546875 0.44193359375
0 0.569013671875 0.780087890625 0.16158203125 0.43384765625
0 0.8223535156249999 0.850283203125 0.35529296875 0.29943359375
0 0.9690624999999999 0.604248046875 0.028125 0.06033203125