0 0.300400390625 0.25325195312500004 0.32267578125 0.28732421875
0 0.54943359375 0.208974609375 0.0851953125 0.07517578125
0 0.188974609375 0.956669921875 0.03826171875 0.03759765625
0 0.949453125 0.7761328125 0.10109375 0.3123828125
0 0.7883203125 0.7326953125000001 0.252265625 0.300703125
0 0.06072265624999999 0.6107421875 0.0669921875 0.126953125
0 0.216162109375 0.5130175781249999 0.12029296875 0.21216796875
0 0.5728222656249999 0.660859375 0.24556640625 0.33078125
0 0.36568359375 0.605732421875 0.2288671875 0.32408203125
0 0.075595703125 0.39031249999999995 0.05529296875 0.0319140625
0 0.046435546875 0.280068359375 0.08017578125 0.09873046875
0 0.1299609375 0.160986328125 0.059609375 0.04591796875
0 0.03408203125 0.787900390625 0.0681640625 0.09205078125
0 0.04828125 0.14140625 0.0965625 0.1722265625
0 0.125791015625 0.44794921875 0.09521484375 0.13046875
0 0.63546875 0.3969140625 0.096875 0.126953125
0 0.788154296875 0.488046875 0.04341796875 0.0502734375
0 0.51912109375 0.357744140625 0.0603125 0.06029296875
0 0.49990234375 0.41788085937499997 0.068671875 0.04361328125
0 0.40384765625 0.051953125 0.1237890625 0.10390625