0 0.767861328125 0.0541796875 0.17658203125 0.108359375
0 0.24533203125 0.36015624999999996 0.06359375 0.085859375
0 0.108486328125 0.516025390625 0.03037109375 0.03482421875
0 0.2578515625 0.427236328125 0.0538671875 0.06849609375
0 0.390888671875 0.407412109375 0.22435546875 0.11298828125
0 0.569287109375 0.370126953125 0.10732421875 0.08388671875
0 0.33479492187500004 0.32134765625 0.13568359375 0.04859375
0 0.35140625000000003 0.225771484375 0.1705078125 0.10369140625
0 0.163994140625 0.022509765625 0.10216796875 0.04501953125
0 0.6461523437500001 0.6612207031249999 0.1180859375 0.08212890625
0 0.7113769531249999 0.587109375 0.09138671875 0.11421875
0 0.92640625 0.78150390625 0.1471875 0.1064453125
1 0.70314453125 0.224462890625 0.080625 0.05962890625
1 0.175712890625 0.557744140625 0.09599609375 0.07857421875