0 0.3623828125 0.534130859375 0.01796875 0.01310546875
0 0.34265625 0.5340234375 0.01796875 0.016015625
0 0.3193359375 0.52685546875 0.021875 0.0154296875
0 0.29708984375 0.017412109375 0.049765625 0.03482421875
0 0.37498046874999996 0.02703125 0.0408203125 0.03578125
0 0.427451171875 0.03287109375 0.03845703125 0.02953125
0 0.129091796875 0.1440625 0.03642578125 0.0318359375
0 0.43677734375 0.263564453125 0.0508203125 0.04662109375
0 0.3319140625 0.336005859375 0.03625 0.02349609375
0 0.31747070312500003 0.38635742187500005 0.03021484375 0.02619140625
0 0.242958984375 0.405146484375 0.04498046875 0.04498046875
0 0.3187890625 0.4809765625 0.047734375 0.0437109375
0 0.017119140625 0.5686328125 0.03423828125 0.0255078125
0 0.123154296875 0.098818359375 0.03318359375 0.02212890625