0 0.6605664062500001 0.9654199218749999 0.0875390625 0.06916015625
0 0.145859375 0.47367187499999996 0.101484375 0.1248046875
0 0.044521484375 0.5808789062499999 0.08904296875 0.197109375
0 0.7627636718749999 0.192197265625 0.04568359375 0.05927734375
0 0.8767382812500001 0.293779296875 0.065078125 0.05740234375
2 0.125576171875 0.029990234375 0.09271484375 0.05998046875
0 0.944658203125 0.097451171875 0.06998046875 0.19490234375
0 0.31107421875 0.061689453125 0.07859375 0.12337890625
0 0.41023437500000004 0.0133203125 0.1221484375 0.026640625
0 0.4858203125 0.0689453125 0.0846484375 0.137890625
0 0.0314453125 0.296787109375 0.062890625 0.08650390625
0 0.3310546875 0.18409179687500002 0.0386328125 0.03275390625
1 0.652529296875 0.2582421875 0.12763671875 0.1024609375
1 0.429921875 0.33133789062499996 0.11046875 0.09748046875
0 0.596025390625 0.580107421875 0.10498046875 0.15162109375
0 0.861552734375 0.950224609375 0.12013671875 0.09955078125
0 0.602265625 0.90109375 0.0944921875 0.116640625
0 0.5457031250000001 0.8112890625 0.099140625 0.118984375
0 0.41458984375 0.850537109375 0.1003125 0.10904296875
0 0.45431640624999997 0.671142578125 0.0833984375 0.09681640625
0 0.409111328125 0.58599609375 0.08865234375 0.1096484375
0 0.356328125 0.49880859375 0.1008984375 0.121875
0 0.309091796875 0.41803710937500005 0.08107421875 0.08513671875
0 0.278818359375 0.697333984375 0.09564453125 0.11255859375
0 0.21583984375 0.5908984374999999 0.114296875 0.15046875