0 0.1995703125 0.40826171875 0.0402734375 0.03875
0 0.34781249999999997 0.2023828125 0.0515625 0.0555859375
1 0.46400390625 0.5780859375 0.051796875 0.0419921875
0 0.838671875 0.814033203125 0.035 0.05103515625
0 0.172177734375 0.234658203125 0.03544921875 0.03955078125
0 0.77751953125 0.50634765625 0.0461328125 0.04046875
0 0.24911132812499998 0.22337890625 0.03787109375 0.041171875
0 0.32646484374999996 0.016015625 0.11359375 0.03203125
0 0.021484375 0.221806640625 0.04296875 0.06767578125
0 0.218134765625 0.14361328125 0.06451171875 0.0700390625
0 0.726591796875 0.5415234375 0.04568359375 0.0550390625
0 0.37434570312500004 0.06349609375 0.03646484375 0.040625
0 0.187626953125 0.678642578125 0.03216796875 0.03451171875
0 0.5594238281249999 0.92171875 0.06333984375 0.0846875
0 0.20762695312499999 0.23264648437500002 0.02095703125 0.03068359375
0 0.6874609375 0.51521484375 0.0348046875 0.0448046875
0 0.8197460937500001 0.555732421875 0.011875 0.03345703125
0 0.655634765625 0.517236328125 0.03263671875 0.03697265625
0 0.631572265625 0.5251855468750001 0.02087890625 0.03021484375
0 0.5818554687499999 0.514755859375 0.0369140625 0.04302734375
0 0.604404296875 0.6128515625000001 0.05880859375 0.0531640625
0 0.321220703125 0.3598828125 0.04673828125 0.0515625
1 0.053701171875 0.7928515625000001 0.10740234375 0.0684765625
0 0.7482421875 0.9088964843749999 0.0812109375 0.09013671875
0 0.770625 0.8325 0.033046875 0.0383984375