0 0.4376171875 0.873076171875 0.080625 0.08666015625
0 0.44240234375 0.45317382812499996 0.0980078125 0.09880859375
0 0.695703125 0.31504882812499996 0.0886328125 0.03849609375
0 0.682578125 0.44014648437500004 0.2012109375 0.09505859375
0 0.9278125 0.38474609375 0.083984375 0.1323828125
0 0.93248046875 0.173330078125 0.08515625 0.17611328125
0 0.5048828125 0.167197265625 0.1008984375 0.11138671875
0 0.459794921875 0.035947265625 0.12498046875 0.07189453125
0 0.083896484375 0.35609375 0.09673828125 0.088671875
0 0.32365234375 0.243525390625 0.1652734375 0.23681640625
0 0.364560546875 0.63171875 0.22474609375 0.2569921875
0 0.034892578125 0.824208984375 0.06978515625 0.13201171875
0 0.145107421875 0.848017578125 0.06634765625 0.07474609375
0 0.594326171875 0.80001953125 0.10783203125 0.10984375
0 0.744990234375 0.7430859375 0.25798828125 0.340625