0 0.49798828125 0.53197265625 0.013203125 0.0194140625
0 0.196015625 0.36117187500000003 0.07234375 0.0600390625
0 0.9734765624999999 0.198671875 0.053046875 0.05109375
0 0.4907421875 0.01865234375 0.1065625 0.0373046875
0 0.96341796875 0.5121875 0.0417578125 0.0542578125
0 0.930205078125 0.49921875 0.03931640625 0.05265625
0 0.9436328125 0.33895507812500003 0.05203125 0.05427734375
0 0.729609375 0.292421875 0.2065234375 0.150546875
1 0.275712890625 0.385966796875 0.06259765625 0.05736328125
0 0.43497070312499997 0.463515625 0.05498046875 0.072734375
0 0.59548828125 0.6120019531249999 0.03046875 0.03541015625
0 0.598720703125 0.5564453125000001 0.04361328125 0.04359375
0 0.920810546875 0.75453125 0.02466796875 0.0301953125
0 0.100556640625 0.5315722656249999 0.03205078125 0.03693359375
0 0.44023437499999996 0.5339453125 0.0312890625 0.043125
0 0.168701171875 0.91111328125 0.06033203125 0.0396875
0 0.20453125 0.969833984375 0.0308203125 0.03970703125
0 0.821328125 0.148642578125 0.1392578125 0.09798828125
0 0.91125 0.18922851562499998 0.0755859375 0.06857421875
0 0.943095703125 0.829482421875 0.03724609375 0.03658203125
0 0.7291601562500001 0.771298828125 0.23375 0.20130859375
0 0.079658203125 0.70236328125 0.14279296875 0.1615625
1 0.49939453125 0.38795898437500004 0.0633203125 0.07162109375
0 0.573408203125 0.646142578125 0.03623046875 0.03513671875
0 0.34193359375 0.544765625 0.102890625 0.08296875