0 0.61859375 0.378603515625 0.0765625 0.12521484375
0 0.677841796875 0.020908203125 0.07208984375 0.04181640625
0 0.9550097656250001 0.039462890625 0.08998046875 0.07892578125
0 0.87421875 0.867529296875 0.1398828125 0.08025390625
0 0.96951171875 0.8528027343750001 0.0609765625 0.07435546875
0 0.557265625 0.8653125 0.083203125 0.1303125
0 0.57125 0.740517578125 0.0773046875 0.13400390625
0 0.772255859375 0.748623046875 0.14357421875 0.07509765625
0 0.902568359375 0.732763671875 0.12443359375 0.09794921875
0 0.772255859375 0.586640625 0.14357421875 0.0809765625
0 0.918623046875 0.4363671875 0.09349609375 0.1376953125
0 0.77294921875 0.40662109375 0.0787109375 0.1347265625
0 0.60548828125 0.503447265625 0.086875 0.13400390625