0 0.88798828125 0.7566406250000001 0.1465234375 0.0699609375
0 0.918544921875 0.815908203125 0.08833984375 0.05595703125
0 0.45552734375 0.46559570312500004 0.062734375 0.08748046875
0 0.547412109375 0.486806640625 0.12810546875 0.11396484375
0 0.664921875 0.516845703125 0.1069140625 0.11220703125
0 0.9095703125 0.610498046875 0.180859375 0.10689453125
0 0.7509765625 0.37812500000000004 0.14578125 0.1104296875
0 0.8738671874999999 0.409052734375 0.106015625 0.09275390625
0 0.789052734375 0.2420703125 0.15197265625 0.09453125
0 0.143828125 0.149541015625 0.272265625 0.23537109375
0 0.149521484375 0.708818359375 0.19583984375 0.12744140625
0 0.211728515625 0.60537109375 0.08908203125 0.086953125
0 0.176025390625 0.9606640625 0.05447265625 0.052265625
0 0.241552734375 0.8936621093749999 0.11779296875 0.06552734375
0 0.328056640625 0.9326855468749999 0.07583984375 0.06552734375
0 0.34389648437500003 0.818525390625 0.06626953125 0.05822265625
0 0.37186523437499996 0.7725390624999999 0.10013671875 0.067734375
0 0.39717773437500004 0.649755859375 0.07208984375 0.05880859375
0 0.58994140625 0.9422265625 0.0680078125 0.1150390625
0 0.6645898437500001 0.9207519531249999 0.1508203125 0.07822265625
0 0.7080468750000001 0.9727734375 0.0690234375 0.054453125
0 0.800849609375 0.9630566406250001 0.12373046875 0.07388671875
0 0.5987109375 0.70068359375 0.0765625 0.0979296875
0 0.682197265625 0.6984765625 0.08982421875 0.0773046875
0 0.7573046874999999 0.745224609375 0.11484375 0.10013671875
0 0.8941894531250001 0.115283203125 0.10072265625 0.09189453125
0 0.74841796875 0.047919921875 0.17140625 0.09583984375
0 0.590703125 0.02451171875 0.080390625 0.0490234375
1 0.37779296875 0.072451171875 0.1272265625 0.10431640625
0 0.9549609375 0.9664843750000001 0.090078125 0.06703125