0 0.07125000000000001 0.83912109375 0.0384375 0.02953125
0 0.0486328125 0.94880859375 0.037734375 0.0253125
0 0.04779296875 0.718642578125 0.0337890625 0.02580078125
0 0.32212890624999996 0.40763671875 0.0377734375 0.03890625
0 0.29390625 0.34962890625 0.02859375 0.032578125
0 0.05224609375 0.6029882812499999 0.0305078125 0.039140625
0 0.1958203125 0.54427734375 0.026484375 0.0403125
0 0.3671484375 0.516845703125 0.036796875 0.03423828125
0 0.20740234375 0.229619140625 0.0468359375 0.04712890625
0 0.17447265625 0.14267578125 0.0443359375 0.021328125
0 0.18640625 0.09181640625 0.044765625 0.052734375
0 0.4076953125 0.08093750000000001 0.034609375 0.025625
0 0.38115234375 0.2158203125 0.0416015625 0.041015625
0 0.60322265625 0.14736328125 0.0306640625 0.0275390625
0 0.28220703124999996 0.1348828125 0.02203125 0.024140625
0 0.32955078125 0.0359765625 0.02296875 0.021796875
0 0.41025390624999997 0.32490234375 0.0271484375 0.0341796875
0 0.35759765625 0.630205078125 0.0322265625 0.02169921875
0 0.38787109375 0.657646484375 0.0451171875 0.03517578125
0 0.379267578125 0.734609375 0.04630859375 0.033984375
0 0.35734375 0.941171875 0.04453125 0.03609375
0 0.818359375 0.51708984375 0.0296875 0.0357421875
0 0.77783203125 0.47994140625000004 0.0333984375 0.0337890625
0 0.7533203125000001 0.10375 0.025546875 0.0290625
0 0.3312890625 0.220068359375 0.03125 0.03810546875
0 0.33491210937500004 0.900888671875 0.07306640625 0.02822265625
0 0.057900390625000006 0.4980078125 0.04189453125 0.030546875
0 0.075234375 0.96041015625 0.024375 0.028359375