0 0.229716796875 0.629599609375 0.06298828125 0.05810546875
0 0.23134765625 0.556279296875 0.0332421875 0.02642578125
0 0.850712890625 0.367822265625 0.04607421875 0.07873046875
0 0.7314453125 0.126376953125 0.050546875 0.05345703125
0 0.53462890625 0.91099609375 0.0769921875 0.08328125
1 0.44701171875 0.16165039062499997 0.079765625 0.07138671875
0 0.6796386718749999 0.65486328125 0.07474609375 0.0856640625
0 0.043828125 0.31078125 0.08765625 0.10171875
1 0.27275390625 0.19398437500000001 0.0856640625 0.063828125
1 0.9722167968750001 0.72876953125 0.05556640625 0.090703125
0 0.84716796875 0.12458984375 0.04375 0.037421875
0 0.300419921875 0.8813671875 0.05748046875 0.064296875
0 0.47822265625 0.647939453125 0.06578125 0.07208984375
0 0.255966796875 0.7520703125 0.04826171875 0.0525
0 0.274921875 0.971455078125 0.0748828125 0.05708984375
0 0.09940429687499999 0.892109375 0.06927734375 0.063671875