0 0.2129296875 0.563544921875 0.09859375 0.11662109375
2 0.5425585937499999 0.253642578125 0.269296875 0.20673828125
0 0.26382812499999997 0.67328125 0.1049609375 0.12828125
0 0.3587109375 0.598525390625 0.0975390625 0.11451171875
0 0.406953125 0.7093261718749999 0.1028515625 0.12830078125
0 0.502373046875 0.642001953125 0.09224609375 0.12509765625
0 0.77166015625 0.8561621093749999 0.1367578125 0.07845703125
0 0.0634765625 0.347470703125 0.126953125 0.08271484375
0 0.900732421875 0.25374023437500004 0.19853515625 0.19189453125
0 0.29191406249999996 0.41511718750000004 0.1293359375 0.0826953125
0 0.213564453125 0.155673828125 0.11767578125 0.17599609375
0 0.916845703125 0.883203125 0.16630859375 0.0901171875
1 0.5455078124999999 0.846748046875 0.16859375 0.13037109375
0 0.624296875 0.508408203125 0.1367578125 0.08693359375
0 0.739853515625 0.5418164062499999 0.11556640625 0.081640625
0 0.851181640625 0.5730859375 0.11767578125 0.076328125
0 0.177412109375 0.38119140625 0.11873046875 0.07421875
0 0.046083984375 0.118515625 0.09216796875 0.17609375