0 0.4749609375 0.60634765625 0.03828125 0.030078125
0 0.23365234375 0.724873046875 0.0365625 0.03599609375
0 0.5359765625 0.25060546875 0.0742578125 0.0481640625
0 0.551181640625 0.122041015625 0.06041015625 0.06677734375
0 0.096865234375 0.329208984375 0.07107421875 0.06091796875
0 0.23276367187500002 0.294248046875 0.03787109375 0.03376953125
0 0.2866015625 0.29208984375 0.0507421875 0.0446875
0 0.020712890625 0.0967578125 0.03849609375 0.088515625
0 0.45808593750000004 0.12431640625 0.0457421875 0.025703125
1 0.38384765625 0.217861328125 0.0580859375 0.08107421875
0 0.295673828125 0.029228515625 0.06279296875 0.05650390625
0 0.27887695312500005 0.2326171875 0.04107421875 0.0367578125
0 0.6501367187499999 0.4435546875 0.061875 0.0737109375
1 0.140205078125 0.8149609375 0.09560546875 0.0782421875
1 0.21486328125 0.9136425781249999 0.074140625 0.07107421875
0 0.45224609375 0.05015625 0.0394921875 0.04625
0 0.24156249999999999 0.0963671875 0.0604296875 0.052578125
0 0.435439453125 0.34181640625 0.04568359375 0.0296875
0 0.21184570312499998 0.752998046875 0.02052734375 0.02361328125
0 0.273740234375 0.422421875 0.06025390625 0.0543359375
0 0.40654296875 0.46621093750000003 0.0400390625 0.040625
0 0.258173828125 0.6150488281250001 0.07732421875 0.07052734375