1 210.73 499.47499999999997 61.06 25.05
2 414.39 461.76 50.56 43.86
1 258.675 478.40999999999997 37.41 67.18
1 487.915 386.42499999999995 36.63 119.19
1 152.015 281.14 84.11 57.32
1 174.46499999999997 332.22499999999997 83.59 59.39
1 155.1 309.065 21.56 26.75
1 282.53999999999996 241.91 53.74 68.8
1 306.40000000000003 295.44 44.72 55.46
1 208.155 136.99 43.43 55.04
1 231.375 190.31 54.61 73.96
1 97.43 97.0 47.3 62.78
1 125.16499999999999 150.10500000000002 49.45 62.35
1 29.28 18.62 42.56 37.24
3 70.435 484.265 49.81 55.47
1 51.425 55.295 49.87 61.05
1 168.165 469.16499999999996 44.71 85.67
