1 329.96999999999997 53.925 64.38 40.47
1 186.32 303.075 31.06 20.87
1 343.37 226.38 37.0 44.28
1 325.17499999999995 263.485 36.19 50.15
1 286.675 421.97 41.37 41.06
2 148.935 355.885 61.07 45.23
1 140.415 502.28499999999997 23.75 19.43
1 134.76 471.09000000000003 74.26 59.56
1 158.69 423.78000000000003 91.98 40.34
1 432.01 210.695 55.6 45.55
1 447.875 248.865 56.55 66.59
1 483.995 298.655 54.03 62.51
1 498.46999999999997 345.93 27.06 54.66
1 262.655 394.01500000000004 36.43 34.07
1 459.995 55.85 62.31 33.2
1 355.1 198.775 31.34 29.93
1 490.32 162.905 43.36 82.81
1 420.5 363.24 88.84 111.52
1 349.46500000000003 469.37 28.83 29.7
1 328.95500000000004 298.855 15.07 13.83
1 354.685 364.975 20.87 20.87
1 217.35 350.535 18.92 13.83
1 42.4 326.61 84.8 42.46
1 175.51999999999998 228.015 220.12 81.53
1 27.925 177.20499999999998 55.85 34.65
1 169.805 84.065 55.81 50.55
1 240.94 32.39 40.28 64.78
1 339.225 20.055 61.47 40.11
1 396.35 26.66 65.72 30.94
1 287.605 146.23000000000002 54.77 117.34
1 396.35999999999996 54.93 62.04 36.14
