1 91.37 7.265 50.66 14.53
1 23.325000000000003 21.294999999999998 17.71 9.97
4 299.965 320.5 22.67 23.8
2 491.05 452.39 41.9 43.98
1 344.68 32.43 164.52 64.4
1 13.615 92.41999999999999 27.23 45.14
1 52.06999999999999 85.47500000000001 18.68 16.71
1 497.14500000000004 229.41 29.71 23.64
1 97.545 43.504999999999995 23.01 10.77
1 71.475 142.365 91.07 78.99
1 78.965 90.04499999999999 8.99 10.95
1 293.73 97.065 93.12 54.51
1 483.06 139.625 48.22 51.57
1 421.425 147.59 50.73 42.34
1 165.285 481.135 86.51 52.41
1 476.765 18.845 70.47 33.21
1 134.005 122.33999999999999 12.35 13.2
