1 260.645 278.585 16.51 14.43
1 159.875 332.13 15.19 14.66
1 189.48499999999999 91.055 15.83 14.93
1 268.225 290.60999999999996 21.21 12.3
1 269.66499999999996 247.94 25.65 44.24
1 192.965 269.27500000000003 15.71 24.09
1 207.36 249.64000000000001 12.04 20.42
1 196.63 249.76999999999998 14.14 17.02
1 156.35 228.42 9.38 16.58
1 96.38999999999999 347.07500000000005 29.58 12.83
1 5.84 402.88 11.68 22.42
1 80.155 377.96 12.73 11.06
1 63.865 378.425 14.09 11.35
1 44.78 373.195 13.48 12.41
1 137.335 333.385 8.63 14.39
1 127.65 332.995 8.64 13.61
1 421.835 315.05 59.67 57.0
1 474.51 299.83 29.4 26.28
1 343.09999999999997 307.52 27.14 29.9
1 353.73 272.46 19.46 20.4
1 14.13 340.995 28.26 21.75
1 63.545 340.09 32.57 23.56
1 229.10500000000002 266.585 26.23 26.73
1 493.14 356.825 37.72 39.85
1 443.97499999999997 428.755 20.81 22.67
1 149.035 290.785 21.71 16.33
