1 507.34499999999997 336.045 9.31 9.95
1 129.045 327.935 20.39 12.09
1 175.205 251.865 6.49 8.41
1 194.345 239.565 16.21 10.93
1 188.225 231.51000000000002 23.89 8.98
1 189.54500000000002 210.165 12.85 10.69
1 178.385 206.625 8.77 15.37
1 34.845 245.37 12.11 12.5
2 408.54499999999996 145.16 35.81 30.54
1 452.35 169.83499999999998 49.5 50.27
2 387.835 388.90999999999997 34.29 28.8
2 222.415 186.98000000000002 39.27 20.1
2 232.94 173.325 34.56 22.95
2 314.65000000000003 169.14 37.32 29.78
1 110.64 191.71 12.2 17.5
1 183.54500000000002 222.405 15.49 9.01
1 240.07000000000002 321.79999999999995 10.54 13.3
1 5.635 250.97 11.27 13.1
1 25.994999999999997 246.57 11.41 12.3
1 82.575 250.01 17.71 23.64
1 150.47 281.97999999999996 19.0 12.4
1 151.48000000000002 294.65000000000003 14.98 12.98
1 103.17999999999999 279.34999999999997 18.72 14.04
1 109.53999999999999 294.89000000000004 14.16 12.96
1 145.46 273.31 15.8 5.2
1 147.06 266.65999999999997 7.8 7.9
1 104.895 311.34999999999997 10.51 9.52
1 91.865 286.945 12.67 13.41
1 144.06 246.01 13.8 8.0
1 115.355 265.56 21.81 13.1
1 54.995000000000005 282.265 21.31 20.47
1 121.25500000000001 233.56 13.21 15.5
1 196.16 353.375 22.98 17.45
1 154.505 229.81 11.31 18.4
1 230.875 322.96000000000004 9.51 12.96
1 470.065 336.405 13.47 16.25
1 426.88 319.91 14.54 17.62
1 119.59 188.91 11.1 13.7
1 459.745 300.94000000000005 14.75 12.44
1 412.83000000000004 379.62 11.58 11.24
1 349.675 373.14 15.21 17.62
1 197.465 250.125 12.85 10.93
1 61.615 155.94 10.59 13.5
1 201.605 217.75 18.13 13.68
1 200.10500000000002 267.945 14.05 8.89
1 203.345 299.565 9.25 8.53
1 182.225 275.565 13.09 15.73
1 198.845 277.66499999999996 13.69 11.29
1 199.38500000000002 288.885 15.97 9.49
1 168.29999999999998 72.35 13.4 26.5
1 41.68 289.875 13.6 16.81
1 182.885 303.105 16.81 9.13
1 169.405 106.60000000000001 10.61 26.8
1 201.56 160.375 16.9 20.41
1 191.56 165.525 18.5 25.51
1 175.44 171.95999999999998 14.4 12.4
1 148.74 183.41 10.6 12.7
1 162.24 166.01 11.8 12.5
1 139.64 157.71 12.0 15.1
1 128.49 185.71 13.1 17.1
1 138.54 184.66 13.2 15.2
1 157.19 181.11 10.1 12.5
1 239.46499999999997 81.41499999999999 47.09 94.57
1 317.05499999999995 53.955 54.31 107.91
1 495.02 81.82 14.86 18.32
1 485.685 51.230000000000004 16.93 22.12
1 476.01 78.88 12.1 15.2
1 491.595 218.465 40.81 86.75
1 277.875 239.07 45.51 94.6
1 371.04 263.075 68.08 180.95
