1 123.38000000000001 45.925 55.18 91.85
1 273.07 324.52 35.26 30.14
1 339.71999999999997 280.23 49.02 242.56
1 235.42499999999998 76.44 44.07 44.08
2 32.45 59.48 64.9 70.66
2 489.29499999999996 254.67 45.41 80.5
1 358.21 71.045 32.68 34.01
1 428.08000000000004 242.60500000000002 27.94 35.73
1 451.295 387.72499999999997 32.25 185.79
1 478.385 493.5 33.11 30.14
1 385.51500000000004 436.74 34.83 31.0
1 356.06 416.535 36.12 33.59
1 153.37 138.43 38.34 41.92
1 271.975 33.295 69.87 66.59
1 130.62 107.435 37.98 34.39
1 226.2 193.16 46.44 184.5
1 246.065 296.375 31.39 33.97
