1 292.15 349.065 34.04 35.83
1 413.18 283.465 22.98 22.81
1 113.115 490.78999999999996 82.97 42.42
1 215.005 433.005 91.57 93.31
1 10.51 313.675 21.02 53.45
1 219.445 267.395 40.31 44.49
1 182.715 233.79999999999998 70.77 72.26
1 268.86 279.79 37.02 34.64
1 481.515 312.57 23.17 19.88
1 356.505 194.315 20.73 18.31
1 304.77 290.24 30.48 33.82
1 270.07 64.225 24.34 23.61
1 233.04000000000002 177.29000000000002 31.28 34.04
1 450.95 168.17 21.12 19.2
1 369.74 120.915 36.28 33.37
1 274.995 500.51 37.15 22.98
1 426.52 157.615 20.78 18.31
