1 300.065 371.78499999999997 114.17 163.43
1 62.835 401.15999999999997 54.03 49.64
1 100.475 282.77 168.07 108.2
2 149.025 146.785 33.29 51.21
2 314.82500000000005 216.41 57.45 21.98
2 429.43 204.665 45.24 38.01
1 443.935 340.19 20.95 37.18
1 340.01500000000004 258.665 39.21 65.59
1 200.97500000000002 465.995 95.85 50.89
1 51.885 101.205 103.77 48.25
1 162.58 75.385 69.36 38.07
1 253.505 99.58500000000001 113.47 87.45
1 317.59000000000003 166.685 39.58 65.59
2 122.075 108.44 35.77 41.66
1 132.79 435.055 40.52 68.17
