1 395.205 172.47 71.77 45.04
1 345.175 476.53499999999997 116.73 70.93
1 10.46 441.505 20.92 39.23
1 30.45 505.325 60.9 13.35
1 183.685 474.68 113.85 74.64
1 332.875 260.86 44.11 30.36
1 395.47 402.135 118.34 81.67
1 253.765 334.9 125.39 66.82
1 362.55 271.415 14.08 19.57
1 469.0 63.365 86.0 126.73
1 311.185 43.055 51.53 57.47
1 487.08500000000004 174.965 49.83 80.73
1 381.74 86.885 52.96 61.87
1 191.65 48.27 145.08 96.54
1 305.985 123.98 127.25 97.56
1 220.995 407.90999999999997 116.77 84.14
1 271.49 238.54500000000002 59.58 34.37
