1 321.015 58.58 15.93 17.24
1 477.365 200.70999999999998 28.41 28.4
1 493.56 243.565 36.1 37.81
1 498.74 283.09 26.52 27.5
1 418.32 265.185 16.5 18.91
1 299.58500000000004 6.82 27.19 13.64
1 351.61999999999995 239.095 17.18 17.91
1 501.2 132.18 21.6 21.72
1 367.23 134.925 19.1 22.91
1 294.035 94.865 23.71 24.53
1 270.625 69.44 23.21 29.34
1 451.96999999999997 110.22 28.16 28.4
1 441.455 145.31 11.49 10.74
1 460.205 158.315 24.11 34.37
1 378.09499999999997 177.65499999999997 19.81 20.53
1 330.46999999999997 175.02999999999997 23.4 25.78
1 400.665 7.94 20.69 15.88
1 434.68 70.185 24.66 23.87
1 478.64 59.03999999999999 40.98 40.98
1 468.275 479.705 39.63 46.55
1 378.95 291.13 28.4 29.84
1 384.68 337.68 26.98 28.88
1 339.3 203.315 15.28 19.81
1 317.105 197.82500000000002 13.37 12.17
1 395.04 223.84500000000003 32.22 26.97
1 343.565 75.99000000000001 23.21 25.86
