1 385.49 186.95 104.02 91.08
1 440.325 245.51999999999998 61.25 72.84
1 308.81000000000006 340.31 68.68 60.02
1 461.99 410.47 100.02 73.48
1 200.565 359.71 104.51 158.88
1 98.63 132.68 110.22 106.5
1 17.51 430.1 35.02 88.5
1 101.30499999999999 435.655 40.85 36.55
1 43.78 375.64 24.76 26.16
1 9.805 251.835 19.61 49.45
1 210.87 69.19 81.82 128.1
2 83.66499999999999 285.15500000000003 65.01 78.95
2 234.95 190.37 69.14 68.1
4 481.23 471.385 28.0 25.71
4 458.235 488.26 20.33 19.5
1 376.62 460.065 28.44 32.33
1 290.315 500.61 70.69 22.78
2 292.985 263.005 68.47 49.81
