1 85.35 40.0 33.66 32.62
1 243.315 20.015 32.57 40.03
1 326.91 52.855 34.74 105.71
1 417.02 55.025 34.74 110.05
1 498.97999999999996 56.11 26.04 112.22
1 237.345 122.26500000000001 28.23 37.45
1 60.9 170.55 27.2 33.16
1 147.505 188.19 27.69 23.94
1 215.905 194.42999999999998 25.51 32.08
1 337.77 220.76 26.06 28.28
1 409.425 225.64499999999998 17.37 25.03
2 323.535 165.945 52.33 44.51
2 382.325 320.21999999999997 52.93 52.02
1 266.84 322.70500000000004 25.34 27.59
1 283.35 501.60499999999996 31.22 20.79
1 341.705 413.18 17.65 36.64
1 394.635 410.46500000000003 30.31 45.69
1 386.715 372.92 27.15 33.02
1 459.09 500.7 22.62 22.6
1 430.40999999999997 303.3 36.18 38.9
