1 216.82 128.85 57.96 189.7
1 125.09 175.1 18.4 35.96
1 116.68 210.25 23.56 29.24
1 333.2 496.81 34.74 30.38
1 73.12 201.055 15.52 22.03
1 9.745 231.82999999999998 18.75 66.4
1 454.15000000000003 309.385 115.7 45.61
1 15.28 93.975 30.56 186.01
1 439.63 138.535 51.28 34.33
1 467.235 88.95 89.53 41.1
1 330.745 147.925 56.95 191.21
1 62.82 248.495 18.02 20.01
1 101.85499999999999 265.025 28.95 23.67
1 107.045 243.735 21.97 21.29
2 78.815 360.475 81.63 65.35
1 65.16 231.05499999999998 16.46 17.71
1 338.43 15.975 189.26 31.95
1 229.235 8.98 35.09 17.96
1 63.855 277.74499999999995 22.25 14.43
1 98.03 284.285 23.58 14.95
2 282.16999999999996 391.41499999999996 72.38 64.69
2 101.47999999999999 339.39 84.6 77.36
