4 442.4 225.64 17.8 16.76
1 226.47500000000002 38.555 41.09 61.83
1 237.025 96.61 38.83 60.32
1 458.175 174.19 65.65 52.46
1 14.755 325.805 29.51 33.17
1 51.165 339.56 65.17 44.86
1 106.39 358.975 62.54 43.73
1 85.215 167.595 43.71 60.73
1 113.82499999999999 280.585 41.89 62.83
1 178.655 172.655 42.73 60.31
1 193.14999999999998 228.64499999999998 40.84 62.83
1 206.105 286.105 40.57 60.99
1 258.67 170.87 43.46 61.52
1 270.58 229.115 44.24 62.31
2 88.435 88.17500000000001 30.89 28.27
1 102.96499999999999 222.07 39.01 61.52
1 23.405 93.165 46.81 58.15
4 461.10999999999996 234.51 14.66 13.62
