1 436.125 425.06 70.53 39.96
1 379.975 462.565 68.99 38.83
1 264.81 475.505 67.86 72.99
1 414.26000000000005 310.08500000000004 30.58 40.71
1 385.8 279.175 56.58 41.47
1 333.98 321.58 87.08 101.4
1 276.875 248.26 85.95 49.76
1 223.89000000000001 167.965 37.36 58.05
1 79.16 152.91 61.34 58.14
1 112.245 105.98 87.45 106.4
1 202.09 61.13 57.6 122.26
1 484.435 123.595 55.13 36.39
1 493.65999999999997 319.27500000000003 36.68 62.83
1 481.08000000000004 261.025 43.46 60.47
1 466.42 201.995 43.46 63.35
