1 231.345 15.68 13.49 12.34
1 476.625 352.045 26.23 28.71
1 157.28 397.475 23.9 19.57
1 55.650000000000006 43.620000000000005 18.62 21.48
1 92.8 111.89500000000001 14.32 13.49
1 101.825 68.93 18.05 20.36
1 106.125 21.525 19.77 21.23
1 61.865 94.855 31.51 24.09
1 130.33 84.11 21.2 21.52
1 248.715 46.485 13.47 16.33
1 208.01 55.925000000000004 16.62 21.23
1 369.57 188.57500000000002 11.46 12.05
1 197.84 13.690000000000001 10.6 11.74
1 210.29 92.58999999999999 13.2 13.2
1 8.305 114.47500000000001 16.61 18.65
1 273.75 83.425 17.48 14.35
1 319.42 64.945 20.08 18.07
1 323.73 49.78 19.48 12.32
1 311.79999999999995 373.575 20.3 19.31
1 291.265 454.255 24.73 23.27
1 76.69 475.29 28.22 23.76
1 75.455 289.92499999999995 20.79 21.29
1 42.29 320.12 23.76 23.26
1 126.185 416.39 25.25 23.76
1 212.56 371.345 29.7 30.69
1 461.735 257.93 13.13 10.74
1 479.635 258.475 15.27 16.47
1 32.795 165.17499999999998 14.61 21.51
1 169.425 332.775 18.91 13.49
