1 111.905 252.525 15.27 15.45
1 154.845 345.00500000000005 29.21 30.19
1 191.63 369.59000000000003 20.74 22.94
1 355.425 395.725 21.99 20.11
1 178.06 154.97 61.26 66.28
1 500.245 290.585 23.51 29.53
1 49.84 21.29 30.82 30.82
1 132.83 404.61499999999995 14.66 14.93
1 105.865 391.785 16.23 16.49
1 314.9 443.29999999999995 35.18 41.18
1 357.94 6.215 24.54 12.43
1 398.55 99.955 16.82 16.51
1 114.035 348.695 20.73 21.99
1 329.33500000000004 169.355 16.73 17.81
1 245.855 185.64000000000001 17.89 21.36
1 341.335 103.71000000000001 15.27 18.36
1 329.96999999999997 74.17 13.64 14.54
1 159.32 15.65 22.34 19.48
1 310.85999999999996 243.175 17.04 18.85
1 75.715 231.37 25.13 22.3
1 218.32999999999998 28.59 27.02 26.38
1 379.76500000000004 128.20999999999998 24.09 22.72
1 427.44 394.59 14.14 14.92
1 397.03 336.385 18.76 21.81
