1 354.365 385.35999999999996 22.73 20.54
1 49.65 157.82500000000002 14.7 13.79
1 120.765 494.59000000000003 45.29 34.82
1 228.73 308.79 29.02 23.34
1 430.33500000000004 248.875 16.73 17.09
2 357.65000000000003 290.295 35.96 29.01
2 290.15500000000003 441.115 80.89 84.99
2 35.105000000000004 242.97 59.35 49.98
1 449.955 456.59000000000003 35.61 31.7
1 469.615 288.69 26.39 24.92
1 383.41999999999996 388.415 20.18 20.73
1 345.785 230.345 31.45 31.81
1 311.995 346.84 29.85 31.16
1 283.07 271.945 29.06 30.89
1 411.54 360.72999999999996 13.46 14.18
1 56.275 185.98999999999998 25.09 24.9
