1 348.07 365.82 51.52 62.52
1 456.245 362.71000000000004 38.67 41.46
1 386.76 414.37 58.06 64.5
1 16.7 176.3 33.4 190.86
1 60.099999999999994 293.42499999999995 64.08 30.81
1 119.455 299.71999999999997 60.35 28.9
1 101.82499999999999 32.635 30.45 65.27
1 170.03 32.5 30.94 65.0
1 312.175 32.09 32.09 64.18
1 245.135 31.82 31.53 63.64
1 398.775 207.355 49.15 52.93
1 439.28999999999996 205.89499999999998 47.42 54.45
1 480.78000000000003 201.97000000000003 46.62 50.78
1 504.51 201.70999999999998 14.98 47.64
1 109.105 427.295 41.15 49.63
1 469.755 42.18 29.33 23.66
1 146.82 433.89000000000004 49.36 62.2
1 142.4 477.87 56.86 30.16
1 146.92 249.915 23.82 19.93
1 192.86 246.39000000000001 52.36 20.16
1 228.98499999999999 177.66 28.27 23.06
1 443.46000000000004 22.645000000000003 15.82 28.17
2 155.035 82.31 39.27 24.5
1 315.24 463.17 56.86 49.0
1 217.91 338.35999999999996 50.0 56.54
1 245.92 378.02 37.44 41.62
1 273.14500000000004 416.63 51.57 62.3
1 313.515 316.65500000000003 53.41 62.83
1 420.135 315.90000000000003 53.09 63.46
1 485.935 338.365 52.13 58.75
1 404.19500000000005 28.02 34.81 56.04
1 503.43 20.42 17.14 40.84
1 463.805 101.61 96.39 27.2
1 264.95 100.28 127.62 30.94
1 135.22 122.13499999999999 39.76 15.73
1 357.45500000000004 210.10999999999999 47.69 49.76
