4 325.0 143.7 10.4 10.4
1 313.96000000000004 176.67000000000002 65.94 51.78
2 359.51 453.49 53.92 70.5
1 289.55 17.2 63.9 34.4
1 119.19 158.61499999999998 83.34 57.33
1 52.06 51.39 104.12 102.78
1 298.65999999999997 491.625 52.56 40.75
1 289.83500000000004 415.25 31.69 35.56
1 199.51 408.69 92.9 103.02
1 147.10500000000002 469.46000000000004 45.41 46.58
1 135.925 499.83500000000004 37.33 24.33
1 259.99 301.185 61.52 60.05
1 439.445 269.25 40.01 42.7
1 430.03999999999996 183.83 163.92 125.14
1 148.89499999999998 235.20999999999998 175.01 93.46
4 336.3 137.225 9.2 8.21
2 143.425 90.53 44.75 43.34
