2 465.255 202.565 35.33 27.63
1 312.45000000000005 151.7 19.94 18.94
1 346.175 502.36 25.23 14.32
1 298.87 320.475 21.66 21.69
2 440.605 325.045 41.27 40.23
1 216.375 311.55 13.41 31.28
1 178.01 480.705 18.88 24.29
1 152.22 427.355 19.56 15.25
1 130.345 504.355 10.61 14.09
1 484.09 478.89500000000004 15.8 16.57
1 263.98 147.92 19.94 14.82
1 341.295 483.17 14.89 14.32
1 382.11 342.81 27.78 13.18
1 501.01 182.39000000000001 21.98 18.1
1 420.08 171.35 17.9 18.38
1 395.895 277.13 10.61 23.04
1 373.065 267.33 9.63 24.04
1 288.2 226.27 18.24 10.94
1 253.05999999999997 212.76 10.28 11.44
1 354.615 202.81 15.77 22.44
1 396.065 166.53 12.93 14.92
1 385.405 215.39999999999998 13.81 16.4
1 257.28000000000003 239.52499999999998 13.4 15.15
1 190.425 234.025 13.75 24.79
1 236.655 200.68 14.79 17.22
1 228.23 268.22499999999997 13.06 14.81
1 238.36999999999998 240.385 14.78 21.01
1 312.105 279.915 9.63 18.25
