1 465.055 54.165 42.59 58.43
1 400.555 33.77 46.75 67.54
1 313.855 48.85 61.83 97.7
1 180.76999999999998 31.885 180.98 63.77
1 137.81 136.34 125.9 151.92
1 334.96 172.905 141.74 122.51
1 479.19 165.93 42.22 45.24
1 311.20000000000005 308.235 74.68 78.03
1 276.155 346.31 30.91 30.54
1 193.41500000000002 311.065 43.35 62.57
1 95.405 302.02000000000004 45.61 64.08
2 144.43 359.935 49.76 41.17
2 31.205000000000002 387.73999999999995 52.03 29.92
1 28.15 459.11 56.3 105.78
1 420.76000000000005 349.52 61.82 57.3
1 398.14500000000004 371.755 42.97 36.19
1 476.065 364.97 43.73 40.34
1 464.0 381.365 30.92 21.11
