1 147.07 368.54 37.7 32.46
1 349.80499999999995 354.55 39.81 35.74
1 372.195 450.90500000000003 20.35 66.49
1 174.81 300.6 19.62 19.44
1 145.35 267.005 37.08 32.53
1 75.095 292.095 43.21 32.09
1 43.365 299.615 22.47 23.15
1 36.97 329.95 21.6 22.9
1 28.625 458.82 29.85 30.76
2 294.005 233.91 46.49 44.92
2 168.81 30.1 57.44 56.0
1 50.095 196.195 34.85 35.63
1 90.14999999999999 459.5 49.76 40.26
1 141.72 467.41499999999996 38.9 31.67
1 196.45499999999998 459.27500000000003 32.57 29.85
1 14.65 172.11499999999998 29.3 30.39
1 75.49 126.82499999999999 31.18 26.73
1 154.55 115.825 49.5 29.87
1 161.22500000000002 145.01999999999998 52.91 22.28
1 153.105 194.51000000000002 38.77 23.3
1 234.38 199.98999999999998 31.68 24.9
1 242.63500000000002 283.63 46.05 25.68
1 308.185 452.94 40.71 38.9
1 367.895 238.295 43.43 27.59
1 412.005 248.47 46.59 49.76
1 398.655 170.895 58.81 54.73
1 274.71000000000004 82.91 57.0 60.62
1 199.705 337.82 16.25 16.78
1 222.085 370.40999999999997 26.99 28.56
1 388.70500000000004 45.59 52.47 54.74
1 395.71500000000003 92.86500000000001 45.69 40.71
1 193.685 384.825 20.97 24.35
2 251.515 414.255 54.83 50.49
1 75.47500000000001 368.20000000000005 44.77 34.56
