1 261.155 309.635 58.05 62.71
1 217.81 453.28 41.56 44.04
1 111.895 246.03500000000003 69.91 53.03
1 186.64 183.115 30.14 36.19
2 273.33 438.25 54.26 53.74
1 363.58000000000004 415.03499999999997 40.06 41.31
1 401.90000000000003 467.665 36.08 39.07
1 451.665 430.71500000000003 36.57 39.31
1 195.94 262.97499999999997 26.28 49.87
1 414.76 381.44 39.56 42.3
1 380.535 329.935 32.87 35.83
1 329.415 367.51 38.07 41.8
2 221.47 117.08 66.58 74.06
1 170.17000000000002 288.325 59.42 26.87
1 375.82 249.365 59.96 65.69
1 267.195 230.20499999999998 31.87 35.33
1 169.27499999999998 273.54999999999995 27.77 16.42
1 182.725 402.395 20.65 18.41
1 36.545 391.74 27.65 27.82
1 119.96000000000001 138.18 102.52 99.62
1 488.365 482.845 36.33 39.07
1 445.15000000000003 24.48 102.84 48.96
1 322.41 48.13 100.36 96.26
1 258.995 499.5 27.87 25.0
1 124.055 384.6 38.99 49.56
