1 317.855 371.015 27.33 14.17
1 198.165 127.32 31.95 50.6
1 21.35 262.16 30.5 43.88
1 47.26 391.835 94.52 49.11
1 194.825 401.525 154.55 60.93
1 406.955 440.905 91.39 65.39
1 223.42999999999998 320.16999999999996 124.08 48.3
1 234.945 236.57999999999998 129.29 44.58
1 63.325 336.365 38.27 31.39
1 79.285 90.91499999999999 130.03 47.63
1 491.61 434.96500000000003 40.78 106.99
1 468.995 297.88 71.33 137.46
1 468.25 157.82 54.98 95.1
1 376.115 116.215 77.27 205.07
1 92.955 17.985 185.91 35.97
2 134.725 343.45 40.61 50.16
