1 113.815 492.02 15.73 21.16
1 124.35 108.48499999999999 69.36 68.99
1 100.79499999999999 36.275000000000006 75.77 59.59
1 78.74 10.42 44.48 20.84
1 141.885 252.67499999999998 31.29 38.83
2 241.59 178.225 69.36 48.25
2 181.82 183.12 56.96 54.28
1 230.095 251.35500000000002 73.51 93.49
1 278.345 326.745 43.35 61.07
1 310.195 396.86 51.27 61.82
1 322.83 466.79 47.12 44.86
1 286.45 488.27500000000003 27.9 43.35
1 483.375 479.575 26.01 64.85
1 474.70500000000004 417.935 34.31 70.49
1 465.47 347.065 42.22 72.01
1 479.61 296.555 19.98 26.01
1 454.92 282.605 49.76 65.21
1 391.21 14.925 27.14 29.85
1 322.40999999999997 18.505 34.3 37.01
