1 411.915 258.485 15.19 15.51
1 88.37 210.945 9.72 14.05
1 79.305 300.515 11.81 9.41
1 33.81 319.195 20.8 13.63
1 96.08500000000001 342.43 11.11 14.32
1 89.065 310.065 21.21 15.03
1 47.92 277.695 16.72 14.89
1 389.205 216.595 14.49 7.41
1 483.85499999999996 455.325 13.31 10.11
1 330.095 355.49 21.57 15.0
1 306.34 303.68 15.5 13.48
1 327.90500000000003 283.71 14.83 9.26
1 374.585 288.845 10.11 5.73
1 318.64 391.13 9.1 12.8
1 476.12 279.38 11.46 9.1
1 485.81 441.635 11.94 16.15
1 491.795 384.775 17.19 13.99
1 466.93 365.485 14.0 18.87
1 485.215 339.535 11.81 6.07
1 427.165 327.4 15.35 22.24
1 418.15000000000003 289.15500000000003 13.84 14.83
1 375.685 305.325 12.15 25.61
1 198.985 250.04000000000002 20.75 8.98
1 452.27 247.595 8.0 9.21
1 157.01 342.67 15.56 11.64
1 60.589999999999996 140.67499999999998 9.6 5.21
1 73.99000000000001 145.725 4.4 5.11
1 48.465 191.28 21.89 24.8
1 67.425 214.04000000000002 9.49 8.54
1 15.905000000000001 312.38 11.39 9.26
1 24.189999999999998 340.40500000000003 20.38 12.23
1 509.375 334.20000000000005 5.25 10.82
1 508.53000000000003 321.28000000000003 6.94 11.94
1 77.135 210.77 9.49 11.6
