2 294.93 298.505 52.92 54.73
1 295.38 421.775 71.02 85.05
1 413.67499999999995 428.33 47.05 52.02
1 194.055 420.19 48.41 54.74
1 150.63 429.465 54.74 43.43
1 405.90999999999997 277.29 36.94 44.1
1 392.68 210.845 28.54 33.51
1 390.325 172.495 40.05 36.39
1 246.355 46.59 43.39 93.18
1 368.89 60.945 67.48 103.67
1 377.29999999999995 133.135 29.56 42.73
1 497.64500000000004 162.48000000000002 28.71 71.84
1 480.33 42.925 47.54 85.85
1 490.265 106.315 20.75 15.47
2 247.54500000000002 198.175 59.43 56.81
