1 293.45000000000005 260.39 32.94 25.06
1 16.53 33.94 33.06 34.76
1 105.45 92.045 38.9 34.03
1 120.05 135.34 19.9 23.06
1 279.345 108.015 36.09 30.97
1 263.365 71.235 19.25 15.85
1 290.69 39.455 19.6 28.53
1 298.79999999999995 81.905 15.8 15.19
1 314.215 113.465 12.41 15.75
1 318.51 349.91499999999996 26.38 20.05
1 83.94 229.38 17.18 31.98
1 96.945 233.315 16.95 30.79
2 266.72999999999996 375.01 33.68 44.0
2 387.83 398.45 33.0 48.12
2 493.74 392.435 36.52 27.85
2 445.5 75.965 43.2 22.67
1 180.055 329.505 22.91 21.05
1 195.09 106.9 26.64 28.36
1 51.879999999999995 185.89000000000001 36.8 25.42
1 85.805 186.42499999999998 33.21 37.27
1 151.47 197.29 29.36 33.68
1 275.46000000000004 169.115 32.96 39.41
1 37.56 280.43 29.24 26.28
1 14.435 74.075 28.87 28.53
1 243.2 493.72 25.06 30.08
1 313.775 476.73499999999996 28.43 26.29
1 268.18 445.70500000000004 25.08 27.71
1 331.09000000000003 431.975 30.08 27.95
1 194.185 403.455 32.73 29.15
1 150.14499999999998 391.995 21.51 21.03
1 107.535 370.035 12.67 16.73
1 110.28 461.935 29.14 28.19
1 169.61 479.48 26.98 30.82
1 41.615 486.32000000000005 24.35 32.94
1 69.545 374.695 27.77 24.17
1 14.24 364.09 28.48 25.16
1 94.25999999999999 423.53000000000003 13.54 10.24
1 311.63 322.275 32.68 31.79
1 74.875 301.84000000000003 26.25 25.86
1 122.42 238.69 21.88 18.5
1 200.485 269.865 24.29 21.71
1 452.935 416.565 12.71 12.57
