1 156.495 252.535 31.97 30.25
1 102.125 261.775 25.81 37.53
1 276.91499999999996 452.615 33.55 37.69
1 287.105 489.47 36.59 45.06
1 375.73 485.71500000000003 36.44 52.57
1 364.555 367.12 45.03 44.38
1 80.225 173.84 20.91 23.2
1 139.095 189.875 24.63 22.63
1 228.235 200.165 26.93 32.65
1 336.22 172.075 46.2 111.75
1 406.005 189.25 30.65 57.58
1 492.43 269.77 39.14 54.42
1 163.94 320.745 31.06 35.35
1 307.46 49.4 46.4 98.8
1 449.205 26.195 46.53 52.39
1 374.71 11.84 31.18 23.68
1 388.82 64.24000000000001 44.54 54.5
1 273.605 118.72 42.07 38.36
1 178.015 14.79 43.77 29.58
1 168.69 73.82499999999999 44.18 67.69
1 119.77499999999999 140.15 21.51 24.92
1 235.83 331.56 74.24 92.8
1 196.81500000000003 467.485 29.91 27.19
