1 488.44 398.67499999999995 47.12 81.29
1 198.825 163.925 50.03 50.03
1 458.235 46.09 29.53 20.42
1 493.57500000000005 59.595 27.33 17.91
1 396.025 28.965 30.81 28.27
1 118.15 255.755 60.62 56.09
1 149.815 220.47500000000002 56.99 56.09
1 366.24 410.635 64.88 57.93
1 176.635 189.305 47.95 41.61
1 295.43 182.14 114.0 111.28
1 362.47 230.18 110.2 99.88
1 386.085 278.465 47.77 42.39
1 439.825 268.42 93.37 78.76
1 272.55 342.0 81.38 74.26
1 156.47 32.84 85.28 65.68
1 218.65 85.22 95.36 92.24
1 40.93 66.46 81.86 92.24
1 61.925 332.62 89.89 91.46
1 205.365 403.365 231.37 190.73
