1 301.12 166.31 85.48 68.16
1 418.525 197.315 55.63 45.15
1 438.92 106.825 48.86 60.87
1 407.175 46.394999999999996 48.65 60.87
1 385.46000000000004 11.8 39.72 23.6
1 260.965 56.86 100.65 113.72
1 20.265 260.425 30.47 32.05
1 340.995 244.82999999999998 13.19 16.58
1 55.735 380.84000000000003 30.79 31.1
1 108.595 482.155 60.21 50.79
1 466.90500000000003 14.594999999999999 19.23 18.13
1 59.78 497.90000000000003 55.78 28.2
4 94.35000000000001 410.10999999999996 17.02 14.92
1 91.07499999999999 243.23499999999999 49.95 62.39
1 118.235 291.47 49.31 57.6
1 175.605 220.76500000000001 94.77 111.79
1 343.64 343.28 57.8 44.02
1 305.005 366.995 52.15 44.95
1 260.58 393.625 61.26 50.89
1 220.655 415.85 43.67 40.24
1 179.06 441.84000000000003 62.2 50.58
1 213.725 285.135 68.33 69.11
1 495.54499999999996 233.43 32.91 25.38
1 446.03999999999996 424.325 67.9 62.47
1 425.255 465.94500000000005 56.09 61.57
1 453.505 370.07 56.59 57.9
1 248.48999999999998 194.93 49.64 46.18
1 470.16 168.385 72.86 55.19
1 44.894999999999996 303.87 54.97 73.2
