1 228.07 420.46500000000003 65.14 59.71
1 185.55 382.91499999999996 64.24 58.81
1 138.865 345.82 69.21 62.42
1 241.42 90.69 66.5 50.66
1 143.71 465.46999999999997 51.12 62.88
1 165.87 498.34999999999997 36.64 27.3
1 69.29 435.615 53.38 65.59
1 40.57 383.82000000000005 52.92 66.94
1 19.72 333.61 39.44 72.38
1 17.005 94.06 34.01 24.92
1 492.40000000000003 111.05 39.2 49.76
1 189.62 61.74 64.24 46.14
1 135.245 33.92 68.31 51.12
1 437.515 82.32 89.57 63.78
1 487.425 227.53 49.15 45.68
1 442.265 198.57999999999998 66.49 48.4
1 389.34 170.76000000000002 62.88 47.04
1 304.96999999999997 258.065 88.66 69.67
1 326.91 498.12 43.88 27.76
1 288.24 479.03999999999996 65.14 60.16
