1 283.07500000000005 127.45 51.83 51.84
1 237.335 87.18 68.17 63.14
1 177.39 14.365 42.4 28.73
1 51.45 107.99 39.14 42.34
1 22.14 34.974999999999994 28.28 36.37
2 456.955 390.455 50.89 49.39
1 203.755 279.02 64.09 66.6
1 21.145 239.26999999999998 42.29 56.26
1 68.52000000000001 284.68 85.76 72.88
1 137.63 341.38 85.76 75.7
1 89.88 402.16499999999996 82.62 78.53
1 26.325 359.115 52.65 67.89
2 89.635 466.64000000000004 53.15 41.84
1 333.46 359.25 67.54 68.32
1 423.605 31.775 61.57 63.55
1 454.785 486.565 58.11 50.87
1 413.79 450.135 62.2 67.85
1 374.83500000000004 405.84000000000003 60.31 66.6
1 165.26999999999998 236.14499999999998 63.14 65.03
1 124.905 190.27499999999998 64.09 65.03
