1 64.455 89.305 35.17 59.99
1 74.875 45.004999999999995 33.87 31.33
1 90.50999999999999 20.255 36.48 33.93
1 15.615 129.04000000000002 31.23 28.72
1 270.295 28.755000000000003 70.35 42.99
1 298.6 90.28 73.68 42.4
1 281.37 56.405 22.14 26.77
2 79.105 178.58499999999998 55.37 56.03
1 388.85 226.745 48.2 58.69
1 414.90999999999997 182.13 46.9 64.56
1 441.29 132.945 51.46 67.81
1 471.90500000000003 78.22999999999999 55.37 74.32
1 439.33500000000004 12.75 39.73 25.5
1 413.60499999999996 54.78 26.05 35.24
2 311.655 246.97500000000002 93.15 70.35
1 124.055 338.17 59.27 48.2
1 98.075 481.17 28.27 19.94
1 91.66999999999999 496.795 16.2 18.85
1 438.73499999999996 299.59 29.41 27.14
1 499.90999999999997 314.29499999999996 24.18 33.93
