1 246.135 12.135 39.53 24.27
1 131.68 249.835 51.54 43.55
1 166.28000000000003 149.81 74.4 99.78
1 75.07 159.76 73.18 86.34
1 215.905 76.4 63.23 60.96
1 123.605 83.245 74.65 82.61
1 171.63 22.585 66.68 45.17
1 345.0 317.77 16.84 18.28
1 308.86 26.32 62.96 52.64
1 401.08 148.79 59.42 50.46
1 467.44 119.80000000000001 89.12 157.06
1 474.38 30.28 75.24 60.56
1 473.34000000000003 66.38 28.96 27.18
1 220.14999999999998 444.425 59.22 31.11
1 175.95 365.295 135.1 51.01
1 258.35 325.75 74.9 102.3
1 312.79 253.32 37.32 39.32
