1 179.955 379.45 21.11 22.24
2 265.12 38.355 112.18 63.33
1 450.565 120.905 47.09 57.45
1 426.225 68.55 55.63 67.44
1 410.19500000000005 21.455 59.95 42.91
1 333.45 92.915 33.64 35.53
1 365.665 158.02 61.57 80.42
1 410.585 250.31 59.05 79.48
1 485.01 200.51999999999998 53.98 66.6
1 496.15999999999997 252.355 31.68 62.83
1 474.33500000000004 419.85 75.33 61.34
1 430.375 487.305 52.39 49.39
1 319.40000000000003 473.2 44.86 32.8
1 299.84999999999997 451.26500000000004 22.3 26.71
1 280.83000000000004 403.69 31.44 33.64
1 217.83499999999998 305.32 29.09 35.9
1 193.85000000000002 270.21500000000003 37.1 37.27
1 178.57 228.855 25.08 20.37
1 200.36 151.17999999999998 40.84 45.58
1 185.6 120.86999999999999 39.58 38.98
1 169.26 91.96499999999999 39.58 44.01
1 154.03 62.91 38.64 41.82
1 283.85 279.1 21.72 21.26
1 119.845 282.54 29.45 32.12
1 97.67500000000001 245.895 25.83 30.31
