1 388.93 70.35 33.12 30.38
2 40.35 165.31 48.86 46.14
2 344.88 153.1 49.94 49.94
2 494.935 194.89499999999998 34.13 44.51
1 229.275 179.665 22.13 24.19
1 319.41 14.615 27.32 21.95
1 153.26000000000002 349.59 15.8 14.8
1 129.115 339.88500000000005 19.43 18.69
1 15.43 312.71000000000004 30.86 29.84
1 165.285 275.26 21.29 14.88
1 199.48999999999998 181.07500000000002 18.4 27.93
1 144.48499999999999 86.5 18.51 17.92
1 379.005 328.745 35.85 32.35
1 384.96000000000004 295.63500000000005 21.48 17.57
1 363.115 264.405 34.99 30.55
1 275.175 206.69 28.15 19.18
1 231.755 367.185 15.07 14.07
1 213.555 366.575 20.41 15.77
1 192.44 350.925 25.26 20.87
1 468.0 237.745 15.78 24.69
1 185.165 178.765 12.01 15.71
1 147.82500000000002 171.67499999999998 10.11 10.33
1 290.375 152.86499999999998 10.91 15.59
1 191.295 149.635 13.75 13.57
1 210.50500000000002 150.34 13.35 8.52
1 12.525 45.705000000000005 25.05 14.37
1 420.09499999999997 128.985 27.39 28.23
1 151.50500000000002 64.255 19.41 19.41
1 9.48 77.06 18.96 24.76
