1 335.47 440.135 59.48 53.75
1 37.095 422.04 52.67 54.1
1 304.825 31.215 47.03 23.39
1 190.58499999999998 116.325 60.59 53.03
1 183.23999999999998 164.695 45.9 45.15
1 158.71 138.54 41.2 37.98
1 245.045 161.47000000000003 52.71 43.72
1 210.10999999999999 183.865 51.64 42.63
1 115.155 203.75 26.55 22.22
1 374.705 402.33 59.13 56.26
1 262.37 427.41499999999996 58.76 50.53
1 368.615 482.41499999999996 51.95 52.31
1 332.90999999999997 138.67000000000002 41.8 50.16
1 24.835 362.185 49.67 64.91
1 197.555 491.29499999999996 56.61 41.41
1 62.425 403.555 53.29 44.79
