1 396.45 140.74 25.76 24.5
1 58.185 180.21 41.95 43.0
1 169.79999999999998 10.02 24.4 20.04
1 38.14 110.52000000000001 47.66 64.86
1 197.23499999999999 63.04 44.07 42.28
1 168.01 86.685 40.16 44.43
1 141.315 109.265 42.67 40.13
1 113.01 131.66 41.24 42.64
1 19.395 288.275 38.79 52.77
1 238.975 17.01 55.89 34.02
1 131.64 25.24 43.4 43.36
1 371.19 22.205 60.2 44.41
1 408.28 61.06999999999999 66.28 72.74
1 453.605 112.845 63.07 67.37
1 471.88 35.63 58.76 54.82
3 331.245 98.87 61.99 65.22
1 126.18 401.24 58.9 61.78
1 89.36 69.67 75.64 79.9
1 21.365 378.63 42.73 55.04
1 58.620000000000005 344.23 59.38 56.76
1 160.51999999999998 288.98 48.2 45.14
1 186.535 266.40999999999997 45.19 46.44
1 213.625 242.115 40.89 44.29
1 240.93 219.54 44.76 46.44
1 268.665 192.88 48.63 45.58
1 294.465 169.23000000000002 46.05 44.72
1 163.485 440.115 58.11 57.33
1 166.76 341.425 58.9 57.33
1 205.375 382.52000000000004 54.45 54.72
1 237.29 317.52 65.14 48.86
1 257.38 350.09 43.44 58.62
1 272.565 333.27 46.67 64.06
1 86.125 156.02499999999998 44.85 41.21
1 191.61 165.365 39.12 41.81
1 217.44 139.985 46.58 44.19
1 273.78000000000003 262.135 39.4 38.45
1 245.66000000000003 115.35 42.1 42.1
1 323.115 309.86 61.07 67.86
1 66.57 448.81 54.26 54.66
1 109.69 484.63 71.46 54.74
1 328.28999999999996 375.90500000000003 60.66 63.33
1 292.94 417.02500000000003 51.84 54.71
1 268.15 450.34999999999997 46.34 47.9
1 247.91 478.54499999999996 41.36 43.19
1 217.415 495.99 44.77 32.02
