1 487.46999999999997 106.86 31.76 33.96
1 349.45500000000004 144.28 34.69 33.16
1 427.99 105.865 40.36 27.53
1 435.625 138.17000000000002 34.25 32.72
2 436.09000000000003 194.42499999999998 39.58 40.83
1 405.78000000000003 277.815 49.32 60.03
1 370.91 333.255 58.12 69.77
2 487.555 188.61 48.89 46.18
1 215.91 40.730000000000004 24.5 17.94
1 214.17 74.66 22.34 19.2
1 249.35 56.125 33.02 38.67
1 246.85500000000002 19.37 33.61 19.82
1 324.59000000000003 34.135 35.22 29.87
1 245.625 198.14000000000001 26.85 13.92
1 426.055 12.915 37.73 25.83
2 358.075 393.26 53.53 42.26
2 314.17999999999995 370.22499999999997 52.44 54.15
1 387.87 475.735 55.6 65.03
1 277.765 483.58000000000004 58.43 56.84
1 312.005 433.8 49.01 64.72
1 475.52000000000004 321.78999999999996 53.72 65.06
1 443.96 376.61 54.68 65.38
1 502.095 14.66 18.85 22.96
1 412.85999999999996 48.27 24.54 30.5
1 264.92 118.02499999999999 23.88 32.35
1 279.75 147.775 26.18 27.05
1 284.77 180.28 38.4 30.98
1 334.81 88.32000000000001 31.1 22.02
1 417.435 78.585 34.87 20.13
