1 311.14 61.825 61.92 41.79
1 398.315 432.055 32.57 25.95
1 485.205 408.60499999999996 42.73 36.43
1 200.79500000000002 308.11 38.49 31.38
1 243.03 250.195 111.08 64.49
1 360.54499999999996 266.025 111.41 61.81
1 464.9 291.235 87.82 52.53
1 111.75 297.20500000000004 110.08 63.21
1 151.84500000000003 327.59999999999997 31.53 26.52
1 141.055 378.115 72.41 59.47
1 162.49 111.925 85.66 51.59
1 99.565 135.09 64.03 45.92
1 338.01 475.35 28.96 24.22
1 373.575 71.37 70.17 45.4
1 423.885 82.205 35.61 35.09
1 355.515 137.41 44.37 33.02
2 151.205 207.82 51.63 45.88
1 32.77 192.365 65.54 50.05
1 22.68 315.22 45.36 51.6
1 59.865 358.25 54.69 102.16
1 81.275 417.33000000000004 51.09 51.08
1 103.46000000000001 443.13 45.92 38.7
