2 60.925 212.10500000000002 62.43 45.59
1 124.315 449.115 36.57 125.77
2 40.025 200.32500000000002 45.05 45.05
1 440.065 258.985 91.23 31.33
1 498.84000000000003 336.665 26.32 110.45
1 418.385 400.935 33.55 190.75
1 282.0 431.02 114.1 31.42
1 251.565 458.94500000000005 8.29 20.95
1 248.71499999999997 484.04 53.91 29.82
1 96.985 331.385 32.41 117.99
1 169.93 261.625 117.24 30.57
1 226.285 186.04500000000002 122.13 33.97
1 308.655 233.56 33.55 76.9
1 365.385 161.37 30.15 76.52
1 281.13 111.215 121.76 31.33
1 47.795 90.4 65.73 70.16
1 90.69 36.86 65.14 72.38
