1 329.46000000000004 300.565 71.2 45.93
3 94.06 91.385 164.94 182.77
1 437.87 262.125 66.04 91.85
1 204.98499999999999 153.57 25.09 33.32
1 212.05 93.315 22.3 27.99
1 487.375 397.775 49.25 39.13
1 326.65500000000003 459.695 47.73 40.85
1 227.42 426.28499999999997 46.44 36.55
1 193.57999999999998 453.245 19.78 27.95
1 244.83 494.435 49.44 33.53
1 145.255 393.49 121.11 71.32
1 9.695 232.05 19.39 72.1
1 286.39500000000004 131.495 11.83 16.13
1 247.88 148.695 21.5 22.57
1 407.28 428.52000000000004 64.5 44.72
