1 478.39500000000004 336.215 67.21 161.03
1 275.165 371.0 81.29 103.96
1 424.07000000000005 7.865 28.94 15.73
1 51.6 400.315 103.2 42.21
1 23.46 171.665 46.92 28.93
1 233.35000000000002 131.025 17.98 52.37
1 409.615 270.95 31.27 46.12
1 364.66999999999996 342.46999999999997 41.42 53.16
1 207.16 368.27500000000003 50.02 84.45
1 151.27499999999998 170.11 71.13 35.18
1 249.375 12.555 15.63 25.11
1 373.27000000000004 128.68 63.32 35.18
1 287.285 133.375 68.01 60.19
1 18.65 485.41999999999996 37.3 26.04
1 64.48 15.79 15.44 20.68
1 147.915 223.775 44.33 30.31
1 282.345 252.055 63.19 105.53
