1 237.08 361.265 39.06 63.47
2 174.51 154.64000000000001 23.82 33.24
1 415.885 99.16499999999999 36.61 65.29
1 122.925 105.445 12.95 15.89
1 163.14 501.62 16.94 20.76
1 159.35 49.849999999999994 12.3 18.1
1 237.03 43.34 22.6 28.9
1 496.05 149.35 31.9 134.26
1 65.72 213.425 21.48 31.79
1 298.415 183.07500000000002 46.99 85.43
1 155.81 104.05499999999999 20.4 37.57
2 24.75 311.625 33.3 31.73
1 390.44 306.54999999999995 35.32 67.54
1 201.70499999999998 265.545 22.07 27.37
1 389.98 235.715 21.24 17.57
2 488.565 31.955 46.87 63.91
1 259.485 97.645 12.95 15.01
1 202.23999999999998 88.82000000000001 26.2 20.9
1 226.76 123.125 19.76 30.49
1 86.375 66.245 24.21 27.29
1 71.705 117.24 15.43 11.7
1 296.27500000000003 313.36 37.83 71.4
1 398.185 159.885 32.95 68.35
1 25.3 89.37 23.14 28.12
1 52.964999999999996 342.27000000000004 16.13 11.1
1 363.83000000000004 364.43 43.46 64.66
1 70.0 505.075 15.2 13.85
1 6.49 119.35499999999999 12.98 9.45
2 289.55 13.885 68.38 27.77
1 52.67 277.60499999999996 27.12 18.31
1 33.695 424.60499999999996 21.77 27.31
1 364.85499999999996 498.025 22.79 24.51
1 135.32 498.84 13.14 19.0
1 139.71 45.879999999999995 16.7 12.8
1 42.540000000000006 355.445 20.32 25.89
1 117.01 51.68 14.5 8.4
