1 492.735 324.1 38.53 28.0
1 382.88500000000005 306.23 33.07 38.0
1 354.84 342.64500000000004 40.3 53.83
1 347.625 402.585 46.59 68.75
1 27.745 100.78999999999999 55.49 110.42
1 80.81 311.46000000000004 50.0 100.48
1 32.55 338.63 65.1 146.02
1 34.175 473.71999999999997 49.39 50.14
1 400.9 493.52000000000004 35.18 36.96
1 424.65000000000003 466.905 32.36 38.01
1 455.34 371.75 11.02 13.9
1 469.045 268.50500000000005 14.63 8.07
1 503.39 297.565 17.22 26.61
1 383.425 61.13 26.21 17.28
1 448.08500000000004 28.34 75.95 56.68
1 484.63 167.92 54.74 55.32
1 426.315 198.72 66.91 33.92
