1 122.89 336.04 21.96 18.48
1 477.96 159.04999999999998 20.16 19.46
1 224.09 33.32 27.32 24.04
1 311.81 37.58 37.5 37.5
1 212.375 494.72999999999996 20.11 18.04
1 96.32 464.06 20.16 18.12
1 146.24 227.025 16.42 16.99
1 40.345 94.05 16.93 15.04
1 5.655 57.495 11.31 16.61
1 27.89 59.66 19.72 15.72
1 309.13 107.95 19.56 20.28
1 465.78000000000003 149.765 24.48 22.03
1 256.345 52.85 17.01 16.8
1 230.5 93.65 14.18 12.44
1 237.48000000000002 76.63499999999999 18.98 17.67
1 240.26 493.07500000000005 26.96 26.33
1 198.915 135.555 16.71 15.55
