1 245.095 50.58 51.27 45.24
1 41.535 402.585 83.07 135.17
1 79.82499999999999 19.54 42.41 39.08
1 62.865 52.735 39.89 52.49
1 149.57 335.815 83.06 64.59
1 215.525 364.315 78.17 61.89
1 297.11499999999995 230.205 33.93 35.81
1 282.675 265.34499999999997 43.41 55.43
1 136.04 56.345 54.38 72.29
1 106.06 43.480000000000004 47.12 39.58
2 312.075 136.925 41.17 42.07
1 470.35 218.555 26.1 29.53
1 391.85 346.015 21.08 26.11
1 466.40500000000003 468.78 32.35 28.3
1 411.37 471.84 24.82 27.64
1 410.51 443.395 27.14 19.91
1 438.555 381.19500000000005 37.99 42.07
1 482.21 335.51 36.64 43.88
1 450.315 283.035 40.71 42.97
1 346.215 386.82 34.87 61.28
1 313.20000000000005 452.995 36.44 64.71
2 261.89 104.675 36.98 36.57
1 315.57 79.775 47.92 42.63
1 285.78999999999996 50.58 50.92 65.6
1 23.54 278.875 47.08 59.71
