2 357.24 47.67 41.6 37.62
2 248.17 69.33500000000001 34.58 36.33
1 266.62 29.99 23.42 21.4
1 81.17500000000001 265.35999999999996 16.67 15.18
1 414.335 389.595 36.13 25.71
1 53.65 32.75 107.3 65.5
2 136.245 91.45500000000001 25.63 28.11
1 463.90000000000003 363.47 47.48 31.98
1 401.795 462.455 30.75 24.51
1 453.405 19.345 44.29 38.69
1 203.58 267.96999999999997 72.44 74.3
1 490.14 220.295 43.72 71.83
1 361.46500000000003 284.38 82.35 72.44
1 386.855 182.22 58.83 57.58
1 352.49 103.58 47.06 42.72
1 286.24 163.335 73.06 65.63
1 129.27499999999998 184.395 82.35 84.19
2 316.99499999999995 337.32 29.81 27.76
