1 243.18 310.45 19.6 15.4
1 119.63 371.135 18.72 18.43
1 274.42 128.31 38.02 24.66
1 282.205 62.485 30.93 34.19
1 49.595 168.555 36.39 31.19
1 119.17500000000001 150.655 19.39 17.29
1 146.74 149.55 25.98 22.88
1 10.605 49.54 19.71 45.32
1 234.54000000000002 63.65 23.42 13.16
2 196.53 111.545 29.74 41.51
1 151.385 14.965 32.15 28.93
1 142.78500000000003 119.1 21.03 18.82
1 332.86999999999995 227.1 31.68 37.74
2 71.785 417.26 48.95 40.06
2 110.01 467.78499999999997 37.96 36.39
1 231.55 25.68 20.22 23.68
1 123.67999999999999 49.34 30.94 26.92
1 222.945 175.01 23.39 15.2
1 108.46499999999999 385.535 10.51 12.09
1 140.155 216.28 30.85 27.82
1 208.15 238.70000000000002 20.5 20.8
1 132.185 314.90500000000003 39.59 36.11
