1 437.6 121.84 33.24 34.56
1 205.505 22.645 51.27 45.29
1 299.5 109.905 41.8 43.73
1 243.165 61.84 44.49 41.84
1 417.2 81.4 50.16 46.9
1 230.25500000000002 7.935 23.91 15.87
1 461.04999999999995 92.57 34.68 32.42
1 413.01 114.24 25.22 26.76
1 336.085 96.525 29.03 25.25
1 314.045 143.835 47.51 49.01
1 455.36 222.435 14.7 15.15
1 467.145 264.8 35.89 35.34
1 411.405 230.46 36.19 41.62
1 498.39 166.645 27.22 32.67
1 464.66999999999996 139.0 33.3 33.3
1 364.77 187.225 33.3 36.13
1 441.26000000000005 255.35999999999999 21.08 27.52
1 334.75 11.98 32.46 23.96
