1 271.035 238.79 45.09 28.96
1 34.2 45.29 32.7 33.96
1 83.205 124.15 30.81 27.02
1 86.045 213.365 30.79 31.41
1 67.03999999999999 295.5 32.98 37.42
1 95.915 262.845 24.77 24.19
1 152.01500000000001 341.225 33.93 35.81
1 54.32 461.065 22.62 27.33
1 128.615 479.13 41.15 33.3
1 300.735 458.845 25.99 27.09
1 275.60999999999996 396.105 20.16 19.63
1 249.465 340.165 26.13 26.87
1 185.58 269.575 28.66 32.55
1 139.57500000000002 156.48999999999998 22.93 22.58
1 269.265 112.395 35.07 26.19
1 321.78 150.2 31.18 31.56
1 494.555 58.115 34.89 47.33
1 474.60499999999996 11.33 36.55 22.66
1 451.67 169.925 52.32 28.67
1 428.20000000000005 236.73499999999999 51.96 46.19
1 485.17499999999995 269.36 36.19 34.04
1 479.26000000000005 411.79 38.7 37.26
1 496.28499999999997 487.755 23.29 23.65
1 474.52 317.975 27.8 19.11
1 273.285 284.23 33.11 31.86
1 321.015 253.7 44.29 26.7
1 332.48999999999995 217.2 39.42 34.64
1 274.85999999999996 173.455 25.68 22.99
