1 293.145 345.20500000000004 68.01 96.93
2 460.125 110.69999999999999 39.05 39.08
1 137.085 11.445 121.81 22.89
1 280.39 18.94 124.42 37.88
1 84.34 90.315 168.68 46.25
1 197.47 335.435 140.7 110.21
1 249.765 98.195 71.91 35.95
1 313.47 103.67 63.32 37.52
1 372.095 109.53 60.19 41.42
1 390.035 49.34 44.63 30.48
1 36.55 156.04000000000002 73.1 43.78
1 114.14500000000001 165.42 89.89 40.64
3 445.145 370.18 52.11 91.74
1 226.70499999999998 178.70999999999998 71.13 37.52
1 305.65000000000003 186.91 94.58 42.98
1 405.315 198.64000000000001 114.13 47.68
