1 363.255 460.5 28.83 49.94
1 475.92 22.89 53.2 45.78
1 312.795 465.88 28.77 35.28
1 340.21500000000003 388.305 32.57 41.25
1 479.03 207.27 65.94 45.06
1 422.45 218.67499999999998 53.74 40.71
1 251.45999999999998 31.685 64.6 63.37
1 468.32 76.175 51.02 62.97
1 434.935 129.10500000000002 54.83 65.69
1 349.985 80.78999999999999 56.45 64.6
1 419.83 426.56500000000005 37.54 55.19
1 380.38 29.675 51.02 59.35
1 404.9 365.5 49.3 67.86
1 391.55499999999995 301.49 43.43 69.22
1 300.475 395.115 27.75 28.01
