1 36.480000000000004 429.63 19.68 15.12
1 24.9 485.79 19.32 12.96
1 24.47 367.945 17.3 13.21
1 164.92999999999998 208.71 19.34 19.92
1 150.48 179.01 14.64 16.68
1 26.75 308.72999999999996 15.62 20.04
1 100.26 278.67 13.56 20.64
1 187.98 264.625 18.84 17.53
1 106.19 117.565 23.98 24.13
1 89.33 73.05 22.7 10.92
1 95.44 47.01 22.92 27.0
1 208.74 41.440000000000005 17.72 13.12
1 195.15 110.5 21.3 21.0
1 308.85 75.45 15.7 14.1
1 144.48999999999998 69.06 11.28 12.36
1 168.73 18.42 11.76 11.16
1 210.04999999999998 166.35 13.9 17.5
1 183.09 322.665 16.5 11.11
1 198.59 336.715 23.1 18.01
1 194.185 376.12 23.71 17.4
1 182.96 481.88 22.8 18.48
1 419.0 264.75 15.2 18.3
1 398.25 245.73000000000002 17.1 17.3
1 385.70000000000005 53.12 13.08 14.88
1 169.62 112.675 16.0 19.51
1 171.47500000000002 461.255 37.41 14.45
1 29.645000000000003 254.98 21.45 15.64
1 38.52 491.73 12.48 14.52
