1 193.69 432.20000000000005 154.38 86.7
2 197.35 176.45 27.5 39.5
1 281.24 340.355 62.54 43.71
1 112.78 331.59 71.62 69.78
1 55.885 464.03499999999997 111.77 95.93
1 334.095 485.06 23.99 28.5
1 373.01 467.87 46.6 42.98
1 17.24 31.525 34.48 40.37
2 35.465 283.39 66.45 78.82
2 21.779999999999998 153.85 37.3 62.54
2 43.519999999999996 369.595 39.16 57.85
1 420.405 279.10499999999996 11.29 10.91
1 407.865 280.885 13.45 14.73
1 171.87 401.615 71.66 48.85
1 320.71000000000004 391.52 116.6 66.44
1 305.08 430.92999999999995 52.76 38.44
