1 198.515 149.43 22.25 84.82
1 219.975 146.785 19.11 86.13
1 351.395 296.02500000000003 9.17 13.09
1 176.685 430.755 102.69 87.35
1 51.0 420.075 102.0 116.03
1 238.82500000000002 146.91500000000002 21.73 83.25
1 456.34000000000003 43.515 111.32 87.03
1 426.52500000000003 325.605 26.97 30.89
1 262.215 311.19 31.85 28.14
1 292.375 224.28500000000003 43.75 21.97
1 379.55 229.245 40.6 12.57
1 216.435 221.34 31.63 28.2
2 259.64 428.33500000000004 61.26 53.09
2 87.78999999999999 456.08500000000004 44.86 41.47
1 167.77 344.485 15.82 15.47
1 34.715 357.13 69.43 85.04
1 397.675 349.295 14.45 26.71
