1 32.980000000000004 60.739999999999995 32.42 43.02
1 96.755 91.055 51.57 93.37
1 8.615 404.53499999999997 17.23 55.91
2 186.005 160.12 63.15 64.4
1 276.77 286.02500000000003 32.06 26.07
1 182.37 223.165 30.1 22.69
2 243.135 214.185 82.33 51.57
2 449.64000000000004 344.10999999999996 85.2 71.92
1 418.90999999999997 484.57500000000005 21.68 21.33
1 340.685 491.21500000000003 59.37 41.57
1 302.20500000000004 415.0 42.09 36.72
1 285.245 326.865 57.17 48.07
1 188.74 437.56 67.1 148.88
1 93.31 483.485 43.0 57.03
1 61.575 346.345 40.21 48.69
1 74.44 397.345 38.54 53.25
1 155.32 293.935 46.14 95.05
1 66.125 254.60999999999999 132.25 53.2
1 26.23 19.28 52.46 38.56
1 50.95 162.87 101.9 49.94
