1 335.475 328.125 37.73 51.31
1 469.16999999999996 113.255 85.66 70.91
1 407.09499999999997 13.285 43.77 26.57
1 13.81 468.165 27.62 30.47
1 13.65 384.13 27.3 28.9
1 25.09 277.485 38.36 38.01
1 92.315 293.19500000000005 60.35 71.31
1 51.33 167.88 65.34 63.46
1 128.14 102.07 65.02 61.88
1 95.315 142.435 74.77 71.63
1 352.27 393.35499999999996 34.3 33.17
1 124.825 244.815 46.21 51.21
1 150.425 208.06 51.55 46.8
1 198.01999999999998 184.815 57.52 48.69
1 252.525 164.08 62.85 46.18
1 335.315 111.30499999999999 44.29 60.63
1 314.895 58.055 41.15 60.31
1 291.95000000000005 15.835 40.56 31.67
1 236.35999999999999 92.14 51.2 66.28
1 212.48999999999998 37.480000000000004 50.58 64.4
1 492.72999999999996 361.14 38.54 60.72
1 363.575 192.055 46.37 60.31
1 383.745 246.15 47.49 62.2
1 402.96999999999997 301.565 49.76 65.21
1 461.96500000000003 219.765 45.61 60.69
1 65.155 420.73 38.01 119.68
1 483.265 274.8 45.23 63.7
