1 59.025 470.765 34.75 32.03
1 111.94999999999999 430.595 29.86 29.85
1 98.43 502.62 34.2 18.76
1 152.445 472.335 33.65 36.37
1 179.86 438.14 40.72 41.8
1 182.305 375.17499999999995 20.63 21.17
1 228.1 389.25 24.82 25.76
1 272.865 382.34499999999997 35.81 32.67
1 474.85999999999996 329.31 34.68 33.18
1 329.72499999999997 459.55 29.41 29.78
1 302.395 481.78999999999996 29.03 27.52
1 268.28 501.7 33.92 20.6
1 426.03999999999996 451.48499999999996 32.42 32.79
1 482.0 404.72 35.4 33.96
1 489.56 458.045 39.2 40.33
1 407.175 382.99 45.27 40.34
