1 229.185 46.06 242.39 64.84
1 127.315 504.46500000000003 79.25 15.07
1 224.75 453.2 33.12 65.74
1 303.465 467.315 97.17 72.25
1 227.73499999999999 379.65 47.77 46.74
1 310.52 391.32 125.4 65.74
1 117.27 341.38 144.94 103.74
1 424.695 264.055 174.61 55.37
3 477.125 197.10999999999999 69.75 59.94
1 378.075 129.66 52.93 136.2
1 15.865 27.21 31.73 32.42
1 13.64 110.47999999999999 27.28 30.92
1 180.71 230.73499999999999 250.3 71.63
1 206.645 148.025 249.55 68.99
1 103.7 451.33000000000004 191.62 102.06
2 489.56 354.375 41.84 55.79
2 27.635 251.79 51.49 58.68
