1 429.6 79.625 142.56 123.69
1 316.585 74.595 102.77 86.79
1 118.61 428.72 11.96 11.46
1 219.22 445.21999999999997 37.86 35.18
1 406.465 462.77500000000003 13.65 10.95
1 339.56 503.2 25.26 17.6
1 232.675 503.685 30.35 16.63
1 241.29999999999998 409.11 32.52 32.76
1 39.935 467.34499999999997 29.73 31.79
1 86.92999999999999 471.365 29.38 27.95
1 129.38 362.345 18.56 19.57
1 8.53 133.125 17.06 37.27
1 66.275 195.72500000000002 26.21 23.29
1 258.08 377.875 17.86 17.71
1 368.91999999999996 448.34000000000003 9.56 13.22
1 319.785 458.18 14.99 15.5
1 310.265 451.935 16.17 14.51
1 165.03500000000003 427.545 22.91 18.87
2 81.78 249.535 61.7 60.37
2 121.215 54.225 65.21 53.53
1 323.73 14.34 39.0 28.68
