1 153.805 129.66500000000002 165.21 147.11
1 281.31 106.995 43.62 38.49
1 96.755 489.815 19.59 19.25
1 486.12 397.38 51.76 159.94
1 403.62 375.14000000000004 129.16 153.96
1 31.089999999999996 312.7 34.3 65.0
1 110.675 262.66499999999996 61.59 108.63
1 293.28499999999997 338.36 125.73 169.36
1 187.23 310.135 117.18 165.93
1 38.705 199.83999999999997 28.31 16.34
1 23.775 143.395 41.05 50.55
1 66.54 82.425 30.52 23.51
1 17.45 403.405 34.9 47.13
1 24.72 72.4 49.44 88.18
1 64.405 229.35 48.75 66.8
1 325.36 203.22 49.6 65.0
1 403.535 249.88 22.23 25.74
1 265.79 183.165 30.88 30.87
1 255.95 213.95499999999998 35.16 22.33
1 206.77 26.6 63.38 53.2
