1 236.11 110.99 32.04 22.94
1 236.44 90.25 33.28 22.3
1 236.74 68.58 30.78 21.68
1 341.34999999999997 69.365 33.3 30.15
1 117.23 305.05 27.52 16.62
1 124.58000000000001 274.52 20.36 24.16
1 502.195 493.33 19.61 20.74
1 164.13 173.73999999999998 31.76 22.02
1 14.79 319.565 29.58 56.21
1 38.63 363.69 24.12 25.26
1 56.91499999999999 394.77 47.87 37.74
1 99.69999999999999 504.28499999999997 37.7 15.43
1 163.595 447.94 44.85 24.12
1 311.175 447.375 28.65 29.03
1 372.81 457.745 40.34 31.67
1 163.825 150.635 36.13 24.81
1 490.8 426.64 17.72 19.98
1 456.5 460.385 26.76 26.39
1 446.805 192.115 30.47 38.99
2 321.8 162.84 53.38 49.76
2 173.79 398.115 43.88 49.31
1 236.485 233.95 38.91 40.26
1 248.835 186.54 32.35 27.64
1 242.235 161.095 30.47 23.87
1 236.585 135.18 31.73 29.22
1 218.255 304.485 25.25 15.49
1 219.9 353.415 32.04 50.89
1 297.37 47.375 28.9 17.59
1 284.61 327.66499999999996 18.22 25.79
1 320.27000000000004 366.305 29.22 25.17
1 402.1 351.86 43.98 37.1
1 469.17 380.915 52.46 19.19
1 492.865 275.68 38.27 33.02
1 405.07 276.62 49.98 29.88
1 363.76 275.84999999999997 22.02 29.52
1 87.49000000000001 118.625 32.36 38.01
1 81.365 203.755 27.01 38.01
1 98.0 156.305 10.08 12.91
1 133.345 19.97 27.99 30.5
1 301.42 279.62 25.44 27.02
1 223.355 22.65 28.27 27.7
1 201.04999999999998 20.125 16.96 28.93
1 179.205 23.73 29.25 29.26
1 155.49 21.375 20.76 28.95
1 166.17 82.48 30.82 28.62
1 162.555 104.94 35.53 17.0
1 163.185 126.615 39.93 25.79
1 175.275 221.49 33.33 27.68
1 171.195 195.41500000000002 31.45 25.79
1 72.935 291.125 39.21 39.21
