1 476.56 41.64 18.6 14.58
1 292.185 392.19 8.01 6.58
1 428.305 376.54 13.83 25.26
1 414.00500000000005 463.58 18.69 19.66
1 290.70500000000004 423.365 14.07 17.49
1 217.695 364.35999999999996 13.43 9.06
1 244.63000000000002 356.06 16.04 11.1
1 250.615 388.38 18.05 19.24
1 322.245 444.575 17.47 14.01
1 197.605 454.19 19.83 12.26
1 237.495 504.79499999999996 9.93 14.41
1 478.96999999999997 275.15500000000003 20.42 22.87
1 282.43 22.73 10.72 15.18
1 309.93 96.635 20.02 22.27
1 498.52500000000003 422.415 15.57 12.13
1 79.53 46.24 19.42 18.2
1 473.43 110.89 21.64 22.06
1 502.16999999999996 132.535 19.66 28.11
1 500.59000000000003 346.74 22.82 33.78
1 106.71 48.905 20.38 17.23
1 120.78 8.265 10.2 15.53
1 30.27 30.949999999999996 16.5 16.74
1 446.72 286.99 20.22 16.6
1 311.06 187.15499999999997 19.94 17.97
1 273.085 325.285 9.01 10.99
1 289.88 334.23 14.04 14.64
1 276.9 377.875 7.52 9.49
1 406.57 183.58 13.36 14.98
1 345.09499999999997 286.75 13.65 20.24
1 465.93 294.875 12.94 8.51
2 210.16500000000002 167.92 50.11 42.2
