1 296.03499999999997 168.765 66.31 77.39
1 118.00999999999999 36.535 62.8 73.07
2 407.665 14.78 46.75 29.56
1 29.8 104.395 59.6 57.09
1 50.115 45.09 100.23 90.18
3 158.755 125.19500000000001 111.07 95.03
1 124.245 319.19 111.19 127.58
1 38.605 447.13 77.21 37.06
1 146.65 494.84999999999997 37.7 34.3
2 218.505 295.52 41.93 36.12
1 128.455 476.8 19.19 21.4
1 173.07999999999998 376.97 104.22 126.46
1 469.69 21.895 31.54 36.55
1 326.71500000000003 267.805 145.51 132.57
1 489.93 219.21 44.14 126.42
1 407.71999999999997 99.735 52.16 122.85
1 269.105 59.09 126.41 118.18
1 233.345 221.26999999999998 71.21 76.78
1 272.92 464.49 92.36 95.02
1 220.54999999999998 429.34000000000003 101.14 130.08
