1 361.365 177.09 47.09 42.98
1 222.125 59.93000000000001 51.61 53.38
1 287.74 30.645 81.42 61.29
1 322.57 93.83500000000001 56.1 51.61
1 399.7 19.785 67.4 39.57
1 366.2 56.760000000000005 57.5 53.38
1 411.22999999999996 120.075 69.66 62.47
1 452.17 66.92 70.12 51.16
1 301.675 314.155 44.33 37.55
1 333.315 286.34 63.37 57.9
1 375.15500000000003 242.23 61.11 59.26
1 126.78999999999999 256.21 62.42 55.64
1 167.935 220.925 54.33 51.11
1 214.97500000000002 316.37 66.09 62.88
1 68.185 193.98000000000002 53.15 55.04
1 222.73499999999999 223.46 38.45 31.66
1 46.025 119.975 22.31 20.73
1 108.78 158.58 60.0 55.36
1 260.69 469.4 75.98 69.42
1 488.305 34.575 47.39 49.81
1 488.195 241.87 47.61 54.28
1 453.97999999999996 199.12 57.9 59.26
1 342.65500000000003 371.605 59.71 63.33
1 160.695 363.42 66.09 66.5
1 119.265 66.735 43.73 41.13
1 146.595 42.06 25.25 24.12
1 178.45 19.335 52.02 38.67
1 41.915 31.965 83.83 63.93
1 181.63500000000002 94.76 61.11 57.0
1 315.43 214.185 101.86 98.17
