1 506.15500000000003 327.07 11.69 24.0
2 330.94 27.0 78.16 54.0
1 457.01000000000005 491.44 25.44 41.12
1 50.075 101.6 53.19 32.08
1 33.96 197.595 67.92 55.79
1 129.97 101.775 50.9 75.39
1 189.70000000000002 121.19 49.8 77.28
1 134.07999999999998 228.055 64.46 45.23
1 81.11500000000001 254.82 63.33 47.5
1 218.725 256.71 76.19 52.02
1 23.06 303.265 27.9 26.01
1 250.48499999999999 161.595 52.77 50.89
1 352.725 283.1 37.31 31.6
1 419.805 304.16499999999996 41.01 34.03
1 464.08 313.985 23.14 41.45
1 72.635 26.985 68.23 53.97
1 51.115 434.55499999999995 102.23 45.05
1 123.54 440.515 35.02 41.47
2 345.27000000000004 72.27000000000001 91.2 85.98
