1 116.97 252.015 36.0 41.69
1 129.63 238.165 34.0 29.99
1 305.19 134.25 56.72 52.18
1 89.42500000000001 26.595 38.67 53.19
1 9.77 19.995 19.54 39.99
1 267.605 326.07500000000005 33.91 36.95
1 134.675 102.51 139.17 28.9
1 21.08 103.145 42.16 28.91
1 15.585 198.945 31.17 50.89
1 343.51 110.82 46.9 46.54
1 143.475 236.635 39.71 34.45
1 18.695 323.725 37.39 53.71
1 281.995 66.55 41.27 40.0
1 120.08 477.365 87.9 69.27
1 174.54500000000002 445.17 71.37 69.48
1 226.995 419.29 80.79 82.26
1 369.905 19.185 64.39 38.37
2 426.135 151.175 62.47 58.35
2 263.115 229.33499999999998 50.13 53.91
2 284.2 256.105 59.2 63.71
2 97.25 334.575 47.88 57.29
2 123.825 370.325 55.79 68.35
1 265.205 19.45 16.05 16.06
1 420.77500000000003 59.1 40.35 38.72
1 395.43 77.82 38.72 37.08
1 180.37 26.435 37.1 52.87
1 70.975 497.34999999999997 59.13 29.3
1 308.445 48.19 39.99 38.9
