1 32.62 147.125 39.68 55.37
1 15.37 71.94500000000001 30.74 112.37
1 68.3 72.255 67.1 92.35
1 80.285 148.17499999999998 54.29 63.71
1 256.895 26.23 86.33 49.76
1 493.63 20.09 29.78 40.18
1 467.24 45.835 32.04 21.11
1 414.3 15.375 28.6 30.75
1 443.285 9.535 15.87 19.07
1 371.11499999999995 59.209999999999994 35.05 47.12
1 435.39 162.875 52.78 48.63
1 485.71000000000004 136.49 14.7 23.0
2 399.485 233.435 37.69 35.07
1 116.74000000000001 219.84 80.3 33.92
1 150.175 246.275 36.19 50.95
1 37.085 261.57 49.01 82.18
1 88.73 313.945 41.46 63.37
1 160.76500000000001 332.115 66.95 111.29
1 92.91 445.435 61.52 72.83
1 20.67 467.145 41.34 73.73
1 212.21 492.04499999999996 36.44 39.91
1 300.48 471.625 43.98 80.75
1 328.125 468.64 37.07 36.44
1 347.285 462.195 45.23 63.77
1 433.675 422.67999999999995 31.73 48.06
1 319.36 359.315 46.74 75.39
1 251.43 302.47 57.3 62.2
1 308.165 278.90999999999997 41.09 32.42
1 278.34 285.34000000000003 12.18 12.36
1 342.575 177.305 43.35 27.01
1 441.98499999999996 259.135 38.67 47.43
1 434.33 341.765 26.18 45.29
