1 281.56 67.135 19.8 21.29
2 223.575 477.55 81.95 68.9
1 122.67500000000001 384.165 76.23 74.25
1 100.645 181.23 51.97 121.76
1 106.33500000000001 80.995 28.71 28.21
1 293.19 43.375 25.24 18.31
1 284.775 14.175 22.27 24.25
1 270.925 418.59 65.59 62.28
1 303.775 406.78999999999996 55.55 49.56
1 89.015 475.8 66.33 72.4
1 386.74 31.75 24.26 15.84
1 151.755 282.2 60.15 70.12
1 19.04 21.93 38.08 43.86
1 7.835 247.525 15.67 67.17
1 317.07500000000005 468.255 21.71 21.05
1 28.42 422.52500000000003 56.84 53.95
1 76.64 315.615 78.2 71.77
