1 172.225 300.64500000000004 10.99 16.59
1 469.97499999999997 373.565 14.81 12.51
1 414.455 395.91 41.29 34.84
1 492.65 382.2 9.9 9.0
1 484.23 468.675 9.0 11.71
1 399.80499999999995 466.315 16.93 20.05
1 422.38 448.735 25.36 15.47
1 291.065 312.46999999999997 12.03 16.8
1 274.685 303.865 18.25 18.25
1 243.22 437.105 14.12 14.27
1 53.915 351.765 23.95 24.77
1 337.93 329.365 14.1 16.59
1 100.345 404.215 16.97 11.13
1 93.255 437.27000000000004 18.61 19.2
1 174.37 433.635 15.04 19.53
1 88.83500000000001 481.245 17.11 14.17
1 190.99499999999998 313.91999999999996 16.59 26.54
1 216.48 394.44 26.76 21.12
1 165.6 390.12 10.2 12.96
1 17.6 388.82000000000005 15.14 12.44
1 477.475 421.81 15.21 16.22
2 113.66 456.605 16.34 27.01
2 374.18 412.22 28.9 34.56
