1 238.14 378.66 17.64 18.36
1 194.72 490.335 19.16 21.15
1 156.15 431.115 42.3 36.33
1 38.95 384.33 21.9 21.9
1 16.68 350.49 22.64 24.38
1 113.47500000000001 350.615 22.15 22.15
1 184.51999999999998 287.16 33.34 35.58
1 208.655 328.47 31.35 37.08
1 160.88 246.6 23.88 14.68
1 12.385 167.6 24.77 29.36
1 494.49 98.675 35.02 53.71
1 453.55 26.905 46.86 53.29
1 85.43499999999999 106.75500000000001 25.23 24.71
1 220.7 282.605 17.62 15.39
1 338.705 347.295 14.27 16.13
1 429.235 492.135 22.99 27.13
1 480.71000000000004 348.525 62.58 142.43
1 431.10999999999996 255.935 69.92 88.33
1 382.065 157.595 65.49 70.33
1 292.885 53.195 90.33 106.39
1 218.48499999999999 76.4 26.63 29.12
1 34.97 18.675 25.88 30.61
1 68.065 81.005 34.83 39.31
