2 357.855 110.225 55.83 46.33
1 47.565 29.625 47.85 39.19
1 51.675000000000004 142.295 38.81 32.21
1 8.525 162.505 17.05 22.31
1 98.485 214.26999999999998 36.75 34.28
1 107.15 252.22 23.56 21.08
1 147.385 43.505 44.55 50.77
1 264.1 109.72500000000001 48.72 34.65
1 169.455 177.14499999999998 43.31 49.95
1 211.735 153.83499999999998 23.93 36.33
1 153.16 142.705 56.92 47.89
1 161.39000000000001 247.27 14.06 16.12
1 274.84 176.325 19.8 16.95
1 305.78 165.6 26.4 16.96
1 292.975 137.14000000000001 18.19 18.6
2 496.40500000000003 95.38 31.19 60.58
1 338.96000000000004 169.51500000000001 18.6 21.49
2 328.25 365.63 229.3 173.3
1 155.225 7.84 28.05 15.68
1 404.55 64.745 21.9 34.69
1 316.5 188.7 36.3 24.38
