1 430.185 33.85 18.15 23.14
1 357.175 80.25999999999999 18.15 21.08
1 274.865 135.12 22.73 21.9
1 334.075 17.15 11.55 15.3
1 356.765 31.79 24.75 19.02
1 187.235 209.15499999999997 24.75 23.97
1 178.98499999999999 174.095 18.15 15.71
1 149.285 85.0 27.23 23.14
1 192.39000000000001 62.725 18.56 18.19
1 240.02999999999997 106.03999999999999 22.28 26.44
1 229.92499999999998 35.3 23.51 25.2
1 208.26999999999998 6.005 18.14 12.01
1 109.685 64.375 18.97 18.19
1 78.35 170.15 18.1 21.1
1 53.96 209.67499999999998 18.56 22.27
1 458.12 438.09999999999997 13.44 14.66
1 477.075 449.89000000000004 14.93 17.34
1 393.02 468.445 17.62 25.41
2 182.935 93.015 31.87 33.37
1 102.47 79.22500000000001 13.62 11.59
1 48.64 6.215 23.92 12.43
1 74.42 115.72999999999999 25.16 20.26
1 430.33500000000004 486.32 21.83 15.56
1 431.90000000000003 83.36 13.48 11.06
1 105.47500000000001 138.17 19.71 28.36
1 462.445 343.85499999999996 27.17 17.05
1 439.57500000000005 111.41 24.19 25.38
1 498.40500000000003 71.4 27.19 20.0
1 346.15 115.065 20.5 17.11
1 314.35 106.85 22.1 17.7
1 372.25 353.365 21.9 17.87
1 502.64500000000004 454.59999999999997 18.71 15.68
1 388.935 414.985 20.63 17.37
1 356.76 404.05 19.8 17.78
1 347.895 433.955 21.03 21.49
1 253.025 228.95499999999998 14.43 15.71
1 241.68 204.825 23.92 17.77
1 278.185 192.04000000000002 14.43 17.78
1 391.825 278.45 14.85 23.14
1 479.28 252.26000000000002 20.64 18.6
1 446.065 229.99 23.51 17.78
1 410.79499999999996 212.25 15.67 13.66
1 471.02 18.8 20.62 18.6
1 392.235 56.540000000000006 21.45 23.96
