1 136.82999999999998 308.92 58.62 63.76
1 155.14 194.76999999999998 44.52 38.22
1 207.69 181.935 61.24 38.23
2 183.775 432.055 51.95 53.39
1 241.105 333.65500000000003 47.51 37.33
1 291.66999999999996 70.405 36.06 29.39
1 257.22 54.25 39.06 26.24
1 105.575 139.685 53.09 65.29
1 18.08 314.925 36.16 50.77
1 30.145000000000003 198.065 59.59 67.69
1 191.92 115.88499999999999 43.94 66.51
1 61.94499999999999 366.77 60.91 63.42
1 112.29 432.34 60.56 56.26
1 293.05499999999995 320.665 60.05 40.01
1 64.495 66.175 47.73 43.43
1 177.795 44.245000000000005 120.39 42.57
1 102.97999999999999 55.855000000000004 31.82 38.27
1 41.95 485.34000000000003 64.5 53.32
1 325.485 162.525 60.35 32.85
1 76.46 459.75 34.76 37.26
1 27.84 99.715 55.68 64.07
1 350.24 309.46500000000003 60.94 40.31
1 408.17 297.82 62.14 37.92
1 189.88 495.70500000000004 35.7 31.71
1 391.885 504.14500000000004 22.31 15.71
1 494.675 473.485 34.65 77.03
1 446.565 417.93 36.57 32.12
1 315.6 439.76 184.7 66.46
1 202.57 364.71 64.2 60.02
1 247.04 116.5 27.12 15.24
1 266.365 171.035 60.35 36.13
1 446.97999999999996 212.91500000000002 37.9 27.47
1 410.055 195.82999999999998 36.07 27.46
1 372.83000000000004 176.605 36.06 28.07
1 218.74 255.295 46.44 67.19
1 312.11 240.04 42.78 63.52
1 493.35499999999996 334.02 36.67 33.02
1 457.075 314.21999999999997 36.01 28.68
1 328.28499999999997 88.695 37.29 24.47
1 91.98 247.325 65.12 60.91
1 126.47 215.675 42.14 39.41
