1 376.445 207.48 68.83 110.0
1 453.035 344.855 24.49 32.25
2 230.42000000000002 123.565 102.34 119.97
1 422.725 401.28999999999996 18.21 26.28
1 436.76 381.13500000000005 29.56 31.95
2 163.785 382.555 53.27 51.49
1 269.845 40.5 29.77 17.56
1 307.91499999999996 31.415 22.93 62.83
1 488.305 120.58500000000001 47.39 77.39
1 446.675 77.945 35.87 49.45
1 448.465 217.335 50.91 70.23
1 291.88 219.84 50.2 69.52
1 232.935 245.64 56.29 83.84
1 241.735 340.59000000000003 65.93 88.86
1 316.96500000000003 338.44 81.73 136.88
1 376.995 380.19 48.37 73.46
1 250.33 464.03000000000003 55.18 38.34
1 54.94 434.40000000000003 33.68 62.34
