1 7.78 17.085 15.56 19.53
1 114.42 131.51 18.3 14.04
1 113.19999999999999 93.36500000000001 15.86 61.03
1 118.69500000000001 212.67000000000002 17.09 18.92
1 145.54 259.05 52.48 59.2
1 86.655 317.63500000000005 29.91 38.45
1 74.145 362.795 37.83 56.75
1 68.955 416.8 42.11 56.14
1 15.715 388.72999999999996 31.43 35.4
1 227.015 323.43 55.53 133.04
1 163.23999999999998 376.52500000000003 35.4 63.47
1 151.95 435.11 39.66 56.14
1 140.66 461.04 35.4 20.14
1 208.705 473.555 37.23 76.89
1 93.37 102.52499999999999 18.92 69.57
1 187.95499999999998 106.49 50.65 75.06
1 233.115 77.19500000000001 22.57 32.35
1 398.79499999999996 25.02 225.79 50.04
1 496.28499999999997 449.45 31.43 125.1
1 491.555 120.22 15.87 15.86
1 503.91499999999996 370.115 16.17 20.13
1 437.55 496.44 34.78 31.12
1 496.28499999999997 188.87 31.43 34.78
1 462.26 339.90500000000003 50.04 124.49
1 54.465 250.505 108.93 45.77
1 27.92 176.97 55.84 112.28
1 63.465 274.915 78.73 42.11
