1 63.815 504.65000000000003 20.53 14.7
1 306.135 459.455 13.61 31.15
1 409.375 79.51 16.95 18.16
1 300.265 25.39 23.17 15.92
1 348.91 24.02 10.98 16.18
1 426.665 32.11 18.19 19.9
1 490.13500000000005 51.765 13.69 17.91
1 408.625 7.595 19.93 15.19
1 405.025 132.885 22.67 27.87
1 447.195 118.69999999999999 20.93 16.92
1 499.76 151.92000000000002 24.48 27.12
1 100.675 271.11 12.25 12.1
1 333.63 449.46 22.6 18.66
1 268.89500000000004 468.27 15.97 17.0
2 28.785 386.025 40.61 27.77
1 97.99 361.01 12.82 14.4
1 57.760000000000005 362.47499999999997 30.9 15.55
1 57.965 339.77 12.23 10.78
1 29.765 355.735 23.85 24.47
1 62.839999999999996 429.56 12.44 14.1
