1 487.675 39.225 20.73 46.21
1 496.66 99.42999999999999 20.1 41.16
1 385.58 197.88 45.24 73.82
1 411.185 295.58000000000004 45.55 73.2
1 418.875 398.93 47.75 80.1
1 436.46999999999997 479.26 51.52 65.48
1 366.255 485.54499999999996 34.87 52.91
1 283.795 419.345 40.21 77.59
1 260.39 311.28999999999996 52.46 95.18
1 231.65 235.72 35.18 30.82
1 231.18 194.10999999999999 41.16 52.46
1 321.18 221.425 35.82 68.19
1 173.97000000000003 485.95 41.78 52.1
1 157.035 437.115 48.93 46.77
1 98.11 339.42 22.3 49.98
1 137.695 303.135 30.47 57.21
1 131.945 25.29 20.11 19.16
