1 140.415 232.47 27.65 18.0
1 253.38500000000002 265.66499999999996 18.29 15.27
1 347.2 220.01999999999998 18.14 21.02
1 381.40000000000003 200.29 15.98 19.88
1 409.26 180.85000000000002 23.9 20.16
1 464.125 152.05 20.73 19.0
1 351.305 150.9 19.15 17.86
1 321.205 175.66500000000002 21.17 22.17
1 392.775 106.17500000000001 9.65 11.39
1 403.21500000000003 119.29 8.35 11.08
1 356.255 71.49499999999999 15.27 10.51
1 274.90999999999997 61.114999999999995 15.56 15.99
1 310.045 40.45 19.59 17.0
1 404.075 4.96 19.87 9.92
1 422.435 39.794999999999995 16.85 15.13
1 502.10499999999996 46.85 19.79 17.72
1 507.21500000000003 6.115 9.57 12.23
1 270.46 360.06 12.5 10.7
1 253.16000000000003 367.51 21.1 22.0
1 209.22 289.29 14.5 16.34
1 228.6 313.745 26.0 18.11
1 201.65 325.34999999999997 14.5 13.9
1 250.8 125.55 14.6 14.5
1 268.87 294.395 30.76 17.67
1 231.015 296.025 22.25 15.27
1 500.59000000000003 173.405 22.82 17.59
1 443.805 217.885 36.39 22.77
1 191.15 106.42999999999999 12.24 12.1
1 200.53500000000003 403.245 14.35 13.65
1 137.65 104.19500000000001 19.58 25.49
1 220.48999999999998 367.305 19.7 20.57
1 349.97999999999996 315.845 17.3 15.73
1 389.90000000000003 301.59000000000003 15.22 14.86
1 387.68 283.825 22.46 20.73
1 451.01 253.33 21.26 21.6
1 313.07 238.17000000000002 20.76 17.62
1 175.64000000000001 313.13 19.54 14.52
1 160.5 258.32 15.98 17.28
1 180.73000000000002 244.715 17.28 18.29
1 254.68 211.09 12.24 14.12
