1 32.785000000000004 468.84999999999997 48.63 86.3
3 273.37 504.08000000000004 44.1 15.84
1 432.28 456.15000000000003 122.14 111.7
1 87.52000000000001 120.84 68.76 38.94
1 147.01 107.745 61.98 41.61
1 209.89 117.69500000000001 63.78 56.99
1 258.745 148.905 64.69 51.57
1 323.65500000000003 157.28 66.95 39.36
1 470.97999999999996 119.935 82.04 41.67
1 434.93499999999995 173.56 39.81 67.4
1 474.065 227.845 41.17 68.31
1 352.15500000000003 255.21 63.33 38.0
1 306.015 263.13 35.29 28.5
1 83.0 223.75 65.14 39.4
1 144.51999999999998 210.20499999999998 60.62 38.45
1 203.78 219.93 61.52 48.86
1 255.575 252.26999999999998 67.41 52.02
1 78.475 325.08 64.23 39.4
1 138.64000000000001 314.925 62.42 44.33
1 201.745 319.9 65.59 54.28
1 252.18 354.055 65.14 52.03
1 316.87 363.33 65.14 38.9
