1 48.144999999999996 113.445 23.47 26.29
1 326.18 436.745 49.38 60.69
1 51.305 16.915 55.61 33.83
1 9.365 54.66 18.73 51.32
1 273.81 128.315 51.52 62.55
1 248.99 72.24 54.04 60.98
1 224.49 24.66 47.12 49.32
2 55.405 59.335 44.51 34.47
1 157.11 481.255 54.28 61.49
1 133.93 433.73 39.58 47.12
1 114.515 396.41 43.73 44.86
1 100.0 363.425 41.84 40.71
1 83.6 327.24 39.96 44.48
1 302.245 379.635 54.29 65.59
1 289.385 252.05 33.21 185.16
1 50.99 87.86999999999999 25.48 17.6
1 124.19500000000001 304.32 23.87 18.54
1 42.695 261.08500000000004 50.95 48.31
1 27.655 182.23 55.31 123.04
1 351.065 485.59000000000003 48.63 52.82
