1 142.8 472.945 36.0 24.41
1 10.98 336.25 20.14 43.94
1 142.79500000000002 17.085 10.37 15.87
1 164.155 4.27 42.11 8.54
1 284.375 3.965 15.25 6.71
1 107.4 16.78 23.8 18.92
1 49.735 377.745 73.23 75.67
1 14.19 11.9 28.38 23.8
1 339.3 122.355 15.26 15.25
1 466.84 62.245000000000005 28.68 28.07
1 457.385 53.705 24.41 28.07
1 289.86999999999995 51.87 28.68 17.08
1 288.04 10.375 15.26 13.43
1 293.53 25.325000000000003 23.8 17.69
1 91.22999999999999 438.77 113.5 91.54
1 6.71 492.78 12.82 28.68
1 13.114999999999998 461.04 21.97 22.58
1 129.065 487.28 23.19 23.8
1 73.84 5.795 18.92 9.15
