1 378.90500000000003 62.245 10.95 13.69
1 428.97 423.58 25.12 23.64
1 400.89500000000004 449.495 14.69 13.97
1 432.07500000000005 454.90999999999997 17.57 13.68
1 456.84000000000003 449.15000000000003 13.24 17.72
1 167.04 8.425 30.14 16.85
1 234.57999999999998 43.705000000000005 20.32 18.87
1 126.84 39.85 20.9 22.64
1 191.905 132.165 17.17 16.67
1 218.32 408.09499999999997 19.74 25.67
2 285.615 56.315 42.31 31.99
1 55.050000000000004 137.01500000000001 10.7 13.43
1 162.54500000000002 77.17 18.17 20.16
1 467.365 19.82 25.13 25.88
1 360.36999999999995 15.59 16.18 12.94
1 252.87 70.45 20.16 23.14
1 103.82 53.16 9.7 10.46
1 193.435 239.115 65.57 65.93
1 228.135 262.875 55.57 56.97
1 288.89 277.21000000000004 37.98 39.06
1 364.495 182.25 53.03 34.76
