1 117.615 322.355 32.25 29.75
1 118.45 284.815 17.02 13.53
1 435.565 188.325 23.59 40.31
1 374.5 64.705 25.88 27.37
1 273.73 466.43 39.42 42.64
2 228.87 82.76499999999999 40.84 36.55
1 347.97499999999997 335.29 38.27 43.86
1 22.44 159.12 44.88 52.08
2 139.65 99.32000000000001 43.86 32.68
2 497.77500000000003 373.13 28.45 46.44
1 433.75 63.79 22.4 19.16
1 153.815 451.26 29.43 32.92
1 244.85 331.745 33.68 36.91
1 131.055 385.06 24.71 26.88
1 140.76 497.385 38.34 29.23
1 50.894999999999996 456.76 35.47 32.6
