1 479.55 266.44 15.84 14.4
1 443.885 338.455 16.87 29.75
1 417.405 346.62 23.31 26.28
1 387.705 356.275 18.37 22.81
1 226.095 390.18 19.85 20.34
1 375.605 284.5 16.83 10.94
1 369.885 249.60999999999999 17.37 20.34
1 329.82 203.32500000000002 16.34 13.91
1 327.345 180.06500000000003 16.33 12.91
1 313.735 196.89 14.85 14.9
1 259.78000000000003 339.695 22.76 13.41
1 271.14 379.785 13.9 20.35
1 472.84000000000003 422.85 10.44 17.38
1 503.28000000000003 429.78 10.94 28.26
1 450.07 457.98999999999995 14.4 13.42
1 436.735 460.465 12.37 11.43
1 478.56 388.445 23.76 21.83
1 415.945 397.855 11.39 15.89
1 389.215 405.77500000000003 13.37 21.83
1 333.28499999999997 415.67 19.31 20.84
1 489.67 223.86999999999998 16.38 20.34
1 449.575 279.555 13.41 17.87
1 359.74 182.04500000000002 25.78 17.87
1 224.85999999999999 318.40999999999997 23.32 13.42
1 279.555 310.73999999999995 15.89 12.92
1 286.235 341.425 21.33 9.95
1 483.51 289.205 11.88 18.37
1 338.95 331.28000000000003 12.92 10.44
1 503.445 383.785 17.11 29.23
1 425.35 174.375 29.2 17.37
1 299.84499999999997 270.40000000000003 15.89 20.34
1 291.185 424.085 14.41 11.93
1 453.59 497.59 14.42 17.38
1 446.605 395.38 17.37 18.86
1 443.165 198.13 24.25 12.42
1 434.75 241.44 19.3 16.88
