1 401.12 367.495 46.74 44.11
1 438.045 338.46999999999997 58.85 56.16
1 365.30999999999995 397.65 59.56 54.66
1 263.51 388.795 49.8 48.25
1 291.595 354.49 60.73 60.32
1 325.33500000000004 311.33 53.57 57.68
1 365.09999999999997 263.83500000000004 69.78 73.51
1 465.985 409.90999999999997 92.03 76.9
1 481.63 293.045 60.74 68.61
1 28.115 333.005 56.23 44.55
1 286.185 13.55 63.43 27.1
1 38.93 150.82999999999998 77.86 133.7
2 80.125 55.82 97.65 96.22
2 187.755 406.505 77.69 52.03
1 228.72500000000002 242.0 89.09 96.28
1 185.66 144.615 102.76 109.29
1 147.22 261.89 41.66 40.42
1 100.86500000000001 426.245 67.71 76.97
