1 19.605 210.65 39.21 54.7
1 40.214999999999996 24.66 67.85 49.32
1 61.2 149.25 62.2 60.0
1 105.025 185.06 53.09 52.46
1 178.59500000000003 109.325 53.09 54.03
1 309.035 184.165 51.57 51.31
1 52.07 246.45999999999998 54.06 49.66
1 21.805 381.23 43.61 44.64
1 14.735 332.38 29.47 68.2
1 37.325 474.58000000000004 58.43 74.84
1 104.70500000000001 395.065 49.95 64.71
1 127.01 447.685 43.66 55.61
1 164.57999999999998 298.875 60.32 93.61
1 214.82999999999998 370.18500000000006 55.32 82.93
1 268.56 313.01 72.88 108.06
1 264.35 148.645 65.44 58.11
1 140.83 55.480000000000004 63.14 57.18
1 148.69 93.635 46.18 29.87
1 96.855 48.725 29.21 43.67
1 492.04499999999996 169.04000000000002 39.91 29.22
1 338.115 60.980000000000004 59.37 55.6
1 379.56 97.715 61.92 56.89
1 403.28 22.715 65.38 45.43
1 470.05 51.715 73.2 72.25
