1 353.28499999999997 111.345 25.39 24.87
1 373.44 79.4 66.76 73.56
1 394.90500000000003 50.61 63.61 56.28
1 401.845 28.12 63.35 56.24
1 471.61 65.64500000000001 35.86 41.39
1 404.72 494.805 77.34 34.39
1 500.64 77.43 22.72 34.58
1 348.865 487.49 39.75 49.02
1 301.985 445.655 42.13 45.39
1 261.825 392.20500000000004 23.91 28.07
1 278.39500000000004 429.68 37.95 47.48
1 258.40999999999997 471.335 76.74 67.49
1 195.39999999999998 439.09000000000003 67.78 59.72
1 212.87 410.725 67.48 57.33
1 59.3 328.9 21.8 21.4
1 38.595 365.05 54.01 53.7
1 15.255 361.33 27.05 28.14
2 142.685 158.70499999999998 131.37 146.21
1 120.775 302.405 33.93 34.13
1 252.27999999999997 171.055 38.72 30.91
1 274.36 111.515 67.28 96.53
1 448.96000000000004 51.655 40.84 38.49
1 115.43 397.26500000000004 92.04 94.59
1 461.5 200.1 101.0 111.8
1 493.02000000000004 291.325 37.96 33.09
1 365.39500000000004 366.73 56.33 48.58
1 419.2 474.79499999999996 130.78 74.41
