1 148.555 19.065 33.91 38.13
1 158.04999999999998 90.82499999999999 36.64 113.55
1 255.735 75.22 47.55 106.76
1 411.37 87.885 35.74 123.95
1 330.59999999999997 146.24 48.9 49.76
1 296.445 194.415 72.87 80.07
1 403.43 218.845 55.24 60.17
1 78.525 43.56 33.87 87.12
1 374.03 262.27 56.14 54.74
1 450.7 273.58 43.92 49.3
1 428.76 305.69500000000005 49.8 49.31
1 469.71999999999997 341.43499999999995 52.02 64.69
1 497.31 147.37 29.38 124.4
2 476.51 46.945 52.02 46.59
1 76.67 217.35000000000002 61.52 54.28
2 48.745 287.385 50.69 41.63
1 258.195 365.84 51.57 61.12
1 109.69 27.36 27.14 46.14
2 360.685 363.93 44.83 47.46
1 292.21500000000003 494.75 64.69 34.5
