1 185.73499999999999 243.27 64.69 37.1
1 360.685 86.43 50.03 50.88
1 395.075 34.44 40.65 68.88
1 312.61 28.58 39.86 57.16
1 227.41 23.105 38.3 46.21
1 54.49 268.565 108.98 41.51
1 40.03 378.0 80.06 39.94
1 27.135 460.855 54.27 36.81
2 148.45 135.34 64.9 81.32
1 224.09500000000003 480.515 65.97 62.97
1 238.98999999999998 441.5 15.08 24.88
1 253.505 368.55 56.17 126.28
1 479.71000000000004 286.69500000000005 64.58 39.81
1 417.57 275.61499999999995 61.52 37.55
1 361.02 267.02 61.52 37.54
1 301.985 260.235 61.97 39.35
1 243.635 251.88500000000002 61.97 36.23
1 485.22999999999996 69.645 53.54 35.71
