1 428.55 116.605 55.24 87.19
1 33.8 141.195 41.06 40.81
1 470.055 116.905 40.91 83.01
1 386.0 106.15 44.2 81.22
1 353.75 104.96000000000001 45.98 77.64
1 313.89 92.57000000000001 30.16 63.6
1 480.805 282.92 42.11 42.4
1 441.235 369.875 141.53 97.35
1 312.245 317.32 219.17 147.5
1 361.365 225.055 39.71 40.61
1 327.625 210.125 41.51 41.21
1 216.39499999999998 254.01999999999998 171.39 124.22
1 215.66 191.79 38.9 40.96
1 180.505 176.5 37.67 41.12
1 70.305 157.645 39.07 41.05
1 77.435 218.505 154.87 123.83
1 85.405 302.76 43.47 42.18
1 136.645 457.40000000000003 98.89 109.2
1 258.105 490.505 53.75 42.99
