2 289.2 108.45500000000001 84.44 71.23
1 279.19 43.3 47.56 39.92
1 31.295 141.15 35.29 24.92
1 83.54 199.98000000000002 67.4 37.54
1 113.17000000000002 169.22 66.04 37.54
1 166.775 177.815 49.31 33.93
1 258.285 228.13 38.45 39.2
1 228.49 258.705 65.26 67.85
1 45.0 369.34 47.04 46.14
1 81.805 345.78 37.59 40.26
1 161.44 329.49 54.74 52.02
1 108.965 382.415 42.97 42.07
2 382.39 244.68 59.56 58.8
1 286.885 383.855 43.77 68.23
1 262.4 429.47 27.9 38.82
1 373.03499999999997 355.585 78.03 46.37
1 384.895 396.3 46.03 44.86
1 360.975 431.92 41.85 42.22
