1 309.065 464.97 15.51 9.86
1 491.43 497.43 41.14 27.86
1 357.34000000000003 457.17999999999995 51.6 34.06
1 135.96 464.985 35.14 94.03
1 447.89500000000004 409.96999999999997 103.71 36.64
1 377.44 330.015 106.34 31.43
1 483.69 337.99 56.62 35.08
1 367.91499999999996 256.46500000000003 41.79 40.25
1 449.16 254.92 118.72 35.08
1 220.57999999999998 326.12 155.88 133.12
1 308.415 454.24499999999995 14.01 9.81
4 301.695 166.75500000000002 18.91 18.91
1 327.19 216.26999999999998 15.7 8.96
1 298.26 420.53999999999996 14.76 10.68
1 85.855 423.885 16.13 15.85
1 69.5 454.13 19.46 10.66
1 228.6 471.175 38.7 81.65
1 420.29 487.625 83.58 38.19
