1 49.785 453.815 19.93 15.45
1 173.04500000000002 154.0 19.53 22.64
1 195.675 126.7 11.25 10.54
1 176.415 36.495 22.81 20.91
1 198.79 6.195 17.8 12.39
1 226.35 5.245 21.08 10.49
1 173.64499999999998 183.55 34.21 25.06
1 276.81 9.045 29.38 18.09
1 375.91 14.375 15.38 21.95
1 458.855 21.98 16.07 22.98
1 364.505 48.245000000000005 26.43 15.73
1 479.585 46.345 18.49 19.87
1 463.78000000000003 82.55 16.24 15.9
1 505.43 95.505 13.14 12.09
1 436.49 140.745 20.22 21.43
1 415.395 200.915 13.13 10.37
1 368.73 196.16 21.44 31.62
1 338.83500000000004 194.615 20.07 21.97
1 315.85 165.83999999999997 16.26 17.28
1 262.405 118.85000000000001 16.17 15.96
1 316.94 73.435 14.52 17.21
2 473.49 102.9 38.32 22.4
2 375.81 71.795 38.6 24.39
1 32.76 100.79 12.1 9.0
1 45.76 88.04 19.3 19.5
1 256.96 216.605 24.48 22.31
1 268.2 493.56 16.56 14.84
1 374.21000000000004 465.3 15.84 20.6
1 483.63 456.73 24.28 14.74
1 412.81 312.645 23.16 22.89
1 495.31 282.655 22.4 21.15
1 448.02000000000004 213.48000000000002 17.44 20.16
1 256.295 268.09999999999997 18.19 20.4
1 217.725 262.25 20.67 23.64
1 127.025 258.52 20.93 15.18
1 135.60999999999999 228.28500000000003 19.68 18.91
1 108.115 195.94 25.41 29.86
1 77.51 209.625 13.96 18.41
1 32.33 209.88000000000002 25.2 20.6
1 15.94 164.06 15.7 13.68
1 15.22 186.74 10.8 9.22
1 61.445 179.035 22.89 20.59
1 8.92 67.065 15.9 18.83
