2 331.91999999999996 323.025 62.56 66.05
1 279.73 153.085 25.74 14.93
1 65.675 98.16000000000001 32.85 26.46
1 56.35 177.45000000000002 112.7 60.92
1 26.43 276.885 52.86 41.21
1 111.81 248.755 59.84 39.41
1 236.5 236.575 115.02 60.91
1 354.03499999999997 236.215 31.89 27.23
1 164.6 77.09 25.08 20.22
1 201.85 76.82000000000001 28.68 19.02
1 103.85 94.175 31.28 21.25
1 190.82 156.31 97.46 42.28
1 258.475 68.17 31.33 23.44
1 326.385 152.655 25.31 13.29
1 334.89 274.68 15.68 15.7
1 85.46000000000001 65.455 18.52 16.13
1 27.54 105.03999999999999 22.42 22.64
1 279.21999999999997 498.28999999999996 33.02 27.42
