1 124.9 271.22 43.02 85.94
2 402.17999999999995 385.255 38.56 40.29
1 258.16 499.235 32.08 25.53
1 235.92 361.695 66.76 58.05
1 194.82999999999998 391.66 47.16 45.62
1 181.065 442.54999999999995 40.75 61.44
1 175.60000000000002 492.45 36.6 39.1
1 94.12 482.59000000000003 41.84 58.82
1 103.79 417.675 44.52 75.77
1 113.405 346.805 43.39 68.23
1 29.24 360.775 58.48 36.69
1 27.2 240.015 54.4 34.83
1 72.28 222.825 33.92 31.21
1 107.43 204.23499999999999 35.28 28.95
1 445.15999999999997 142.85 61.52 36.64
1 398.79499999999996 136.29 37.55 34.38
1 350.615 149.85999999999999 60.61 38.9
1 288.645 141.945 66.95 38.45
1 250.645 93.315 37.99 60.61
2 69.925 100.1 50.21 54.28
1 330.74 426.715 37.7 31.29
1 270.055 427.28000000000003 36.19 39.96
1 304.16499999999996 404.09999999999997 32.79 32.8
1 372.21000000000004 488.68 39.2 46.64
