1 317.64 213.73000000000002 40.72 35.28
1 211.76 20.69 48.9 41.38
1 426.39500000000004 29.294999999999998 65.71 57.33
1 476.005 60.845 67.01 57.07
1 503.03499999999997 83.485 17.93 40.05
1 286.06 296.51000000000005 23.3 18.7
1 437.835 384.25 14.05 8.7
1 448.365 387.405 12.65 15.03
1 493.09999999999997 321.04999999999995 37.8 43.68
1 177.09 14.36 57.0 28.72
1 417.38500000000005 281.36 34.83 35.74
1 393.41 262.36 35.74 33.02
1 365.59000000000003 245.17499999999998 44.34 34.83
1 341.39 228.20499999999998 40.26 37.09
1 296.83 195.41 38.9 37.54
