1 240.09 126.37 39.82 16.42
2 235.29500000000002 239.0 55.59 47.76
2 287.68 257.545 64.86 56.29
2 389.96500000000003 230.795 62.73 54.19
1 337.75 105.225 13.1 26.03
1 118.66 405.315 35.34 108.49
1 267.75 55.099999999999994 388.1 73.6
1 503.555 430.945 16.89 33.75
1 331.15999999999997 135.84 80.54 35.88
1 258.33000000000004 311.815 13.94 8.73
1 282.465 338.44 15.93 10.72
1 477.05 426.16499999999996 33.74 49.27
1 251.73 345.03000000000003 53.0 18.44
1 201.22 402.515 37.08 101.05
1 372.515 442.6 65.79 110.5
2 62.845 232.78 52.75 75.58
