1 39.425 283.36 78.85 43.98
2 324.825 51.99 48.37 41.78
1 450.79499999999996 26.07 74.91 52.14
1 224.34 81.62 158.82 51.62
1 221.625 162.14 102.73 64.28
1 380.2 195.615 45.24 120.37
1 467.505 206.02 48.85 122.18
1 173.25 230.92 98.16 53.38
1 374.55 474.375 74.64 75.25
1 419.64 341.07 184.72 56.54
1 205.815 308.275 195.87 56.99
4 382.26500000000004 84.955 27.57 27.73
4 418.96 90.32 23.18 21.36
1 41.13 390.10999999999996 82.26 30.18
1 37.51 426.40999999999997 75.02 33.94
2 131.785 30.634999999999998 60.95 33.61
2 95.11 484.22999999999996 65.78 47.66
3 12.95 203.125 25.9 55.29
