1 74.69999999999999 286.92 67.44 40.26
2 315.4 454.46500000000003 57.68 66.35
1 497.28999999999996 345.46500000000003 29.42 31.73
1 405.15 371.065 94.56 46.49
1 338.55 361.01 39.9 33.3
1 293.65999999999997 60.075 89.62 120.15
1 235.88 109.80499999999999 76.0 60.85
1 484.66499999999996 257.86 54.67 42.12
1 472.03 178.925 71.02 39.85
1 348.76 296.31 64.24 38.5
1 391.28499999999997 286.155 36.19 31.67
1 296.06 284.3 38.0 31.66
1 286.805 223.015 66.99 37.57
1 345.59999999999997 208.8 61.52 37.1
1 235.67 212.15 40.26 33.92
1 462.23 15.225 67.48 30.45
1 407.19 50.39 66.34 37.32
1 117.745 236.35000000000002 65.59 79.16
1 154.73499999999999 378.805 75.77 111.21
1 115.51500000000001 439.12 66.01 39.58
1 63.605 425.97499999999997 35.89 33.77
1 26.975 411.775 37.13 33.93
1 22.450000000000003 273.805 34.42 31.21
1 78.32 136.06 86.44 54.28
1 24.26 143.075 36.24 33.93
