1 44.455 79.64 33.61 38.64
1 106.37 183.26999999999998 50.22 48.2
1 411.345 154.36 33.81 33.6
1 340.845 288.03 63.33 50.14
1 290.33500000000004 258.065 63.33 50.51
1 309.555 391.695 53.53 45.61
1 275.44000000000005 371.91 36.56 37.7
1 235.105 349.1 65.21 49.38
1 162.16500000000002 304.24 65.59 51.64
1 117.305 268.24 45.99 44.48
1 26.235 183.425 52.47 83.69
1 47.0 220.93 46.36 40.34
1 37.92 313.29 75.84 90.1
1 105.47999999999999 394.21500000000003 68.64 68.97
1 188.395 439.46 70.87 55.42
1 240.23 487.7 75.02 48.6
1 413.15 483.765 103.4 56.47
1 480.71500000000003 436.475 52.09 46.33
1 436.45000000000005 409.065 70.94 57.33
1 468.78999999999996 338.645 86.42 75.13
1 482.53499999999997 251.21 58.93 41.62
1 387.625 213.385 62.83 51.83
1 335.05499999999995 183.44 64.05 50.48
1 296.85 24.3 66.62 48.6
1 129.26999999999998 17.255 59.16 34.51
1 26.845 37.199999999999996 53.69 72.88
1 22.28 103.795 39.58 41.47
1 69.43 113.565 38.32 36.13
1 79.48 149.535 42.1 40.21
1 136.005 150.695 58.69 61.23
