1 384.95000000000005 406.45000000000005 38.7 41.56
1 401.97 440.13 43.36 38.7
1 459.03 478.39500000000004 105.94 67.21
1 388.86 339.09 43.72 43.0
1 452.03999999999996 386.02500000000003 119.92 92.45
1 437.05 83.43 50.52 46.22
1 440.815 52.615 40.85 31.89
1 281.58 294.62 24.54 24.02
1 146.32 384.955 34.84 79.63
1 224.23499999999999 351.46 64.45 24.38
1 161.17000000000002 336.805 28.62 16.17
2 297.88 348.44500000000005 72.44 45.31
2 345.695 216.23000000000002 58.47 58.48
1 471.03499999999997 303.615 81.93 70.95
1 484.72 175.51500000000001 46.96 40.49
1 494.86 213.5 34.28 43.36
1 65.72 138.06 131.44 148.34
1 501.64500000000004 46.0 20.71 46.44
1 239.075 498.21500000000003 142.41 27.57
1 107.57 477.055 61.92 54.17
1 71.28 352.70500000000004 67.94 150.93
1 152.705 198.685 126.01 128.57
1 20.14 61.065 40.28 55.51
1 202.385 68.06 153.93 136.12
1 286.23 36.89 98.04 73.78
1 378.03 16.035 52.88 32.07
1 356.96000000000004 128.595 83.84 78.69
1 298.055 156.31 30.53 31.0
1 402.32000000000005 262.085 38.7 39.61
