1 266.06 365.39 56.24 183.68
1 418.17499999999995 411.21 62.43 122.28
1 191.45499999999998 140.815 26.83 28.43
1 489.175 99.815 23.73 26.83
1 467.76 142.9 27.34 38.7
2 153.165 453.63 43.55 41.3
1 70.34 101.06 67.76 202.12
1 157.565 399.07 28.31 41.92
1 144.485 364.67 19.35 16.84
2 106.795 359.685 35.77 20.05
2 61.275 231.92 57.33 56.44
2 252.535 126.665 63.87 34.21
2 191.86 497.245 43.8 29.51
2 102.6 331.33000000000004 41.8 32.34
1 164.405 42.215 43.69 84.43
1 248.665 50.685 49.93 101.37
1 362.79 36.865 46.36 73.73
1 265.87 208.855 48.68 125.63
1 334.04 332.78000000000003 37.72 131.58
