1 45.905 221.58 18.41 16.42
1 203.91 248.325 13.94 20.15
1 215.98 175.04500000000002 11.2 15.43
1 182.39 170.565 11.2 9.95
1 305.685 134.985 19.41 13.93
1 160.49 243.35 18.16 12.2
1 210.13 156.755 9.96 12.69
1 10.549999999999999 66.66 16.38 18.04
1 201.21499999999997 47.379999999999995 16.59 16.38
1 414.485 59.505 18.45 16.17
1 306.8 348.06 23.64 19.16
1 345.375 362.29499999999996 13.19 17.67
1 383.265 378.15500000000003 19.01 14.83
1 331.125 301.40999999999997 17.51 14.9
1 296.645 467.245 15.27 17.09
1 469.765 353.59999999999997 16.91 12.18
1 366.605 426.62 17.01 10.76
1 333.485 423.205 13.09 16.49
1 244.85999999999999 429.75 8.14 9.16
1 244.23499999999999 183.265 28.01 28.01
1 252.18 443.28 19.64 12.3
1 129.76 419.525 26.88 21.15
1 298.965 431.84 21.89 20.4
1 20.02 378.71500000000003 12.44 11.19
1 42.045 264.63000000000005 16.67 12.94
