1 372.51 25.665 95.0 51.33
2 57.74 58.495 36.94 36.19
2 209.245 91.56 62.95 52.02
2 262.775 126.99499999999999 72.75 50.51
2 50.17 114.55000000000001 47.12 46.74
2 133.67 192.10999999999999 55.58 53.2
2 62.925 185.99 63.57 53.76
2 195.29500000000002 144.335 56.17 45.99
1 456.03999999999996 493.21000000000004 111.92 37.58
1 287.32 243.145 43.08 29.81
1 200.755 342.815 79.25 71.11
1 467.135 429.80999999999995 89.73 85.94
4 296.815 300.74 19.37 17.28
1 321.185 494.99 39.13 34.02
1 330.585 465.27 42.41 35.86
1 341.565 436.97499999999997 39.03 33.77
1 348.89 408.83000000000004 43.22 35.08
1 360.54499999999996 381.87 36.67 35.08
1 370.49 338.935 46.1 63.35
