1 397.525 361.595 43.89 47.81
1 196.01000000000002 180.35 21.36 21.36
1 433.325 393.195 23.65 24.37
1 290.485 292.935 43.75 44.79
2 300.39 73.22 113.94 106.06
1 120.945 160.93 58.05 69.16
1 168.69 219.3 27.3 26.44
1 84.74000000000001 325.73 30.96 33.98
1 136.25 474.71000000000004 77.94 74.58
1 281.37 409.05 116.16 97.34
1 465.455 453.245 48.37 51.95
1 350.355 267.495 46.31 41.65
1 280.17 166.595 55.78 61.19
1 260.375 216.99499999999998 29.03 29.65
1 395.4 72.605 45.9 48.01
1 200.375 303.625 29.23 31.53
