1 184.82999999999998 223.465 111.66 64.21
1 299.46500000000003 82.4 43.95 43.42
1 120.36 81.53999999999999 112.32 67.72
1 190.17499999999998 151.005 40.39 34.51
1 316.65999999999997 16.715 41.64 33.43
1 94.73499999999999 493.89 46.33 36.22
1 121.81 178.27 49.9 33.92
1 288.125 177.70000000000002 28.51 31.48
1 17.28 224.09 34.56 53.46
1 477.65999999999997 368.71999999999997 45.14 58.8
1 400.71000000000004 475.01 35.1 37.48
1 371.03999999999996 384.72999999999996 32.66 41.04
1 442.28999999999996 398.685 31.54 46.39
1 384.67 231.785 49.36 60.65
1 424.765 194.66 99.85 115.88
1 216.605 284.34999999999997 122.95 70.74
1 309.27 452.39 73.06 119.22
1 216.61 414.16 68.3 110.48
1 66.33 364.565 94.44 174.03
1 253.7 129.32500000000002 35.7 36.29
1 143.55 451.58000000000004 44.54 53.46
1 209.45000000000002 20.28 39.86 40.56
