1 344.885 402.34000000000003 23.15 18.86
1 208.95000000000002 357.705 14.8 15.99
1 247.37 493.615 22.88 21.71
1 504.40999999999997 471.805 15.18 15.99
1 450.27500000000003 417.86 19.09 13.6
1 500.27 392.32000000000005 18.4 32.7
1 502.3 436.955 11.0 20.77
1 489.66 441.01 13.84 18.38
1 404.91 423.34999999999997 19.12 15.04
1 351.915 441.49 17.69 26.98
1 317.915 433.495 21.25 17.19
1 424.96 389.81 16.74 15.28
1 272.785 389.33500000000004 13.63 19.57
1 235.805 364.99 20.29 18.62
1 17.63 21.735 22.2 23.39
1 7.68 58.129999999999995 15.36 18.38
1 50.915 63.025000000000006 18.17 23.87
1 75.39500000000001 81.65 19.33 18.62
1 40.29 112.91499999999999 47.0 23.39
1 48.78 138.935 21.96 12.89
1 31.235 168.655 19.33 19.81
1 89.47500000000001 129.985 23.15 17.91
1 73.24 182.38 18.38 16.24
1 51.879999999999995 221.16500000000002 17.18 16.47
1 117.035 243.005 18.17 12.89
1 33.605000000000004 265.685 23.61 20.53
1 100.805 292.185 22.89 16.71
1 104.86 260.435 14.82 11.45
1 175.03 318.065 19.54 11.67
1 207.635 337.655 26.49 26.01
1 416.665 147.51 17.87 15.5
1 11.61 145.07999999999998 23.22 32.66
1 346.1 197.39000000000001 18.24 22.24
1 315.085 198.15 16.99 21.0
1 489.305 160.54999999999998 24.87 27.26
1 472.295 205.01000000000002 24.27 26.66
1 454.61 158.12 17.1 14.52
1 272.92 186.47 20.62 18.9
1 336.28 322.3 20.06 19.76
1 213.195 210.61999999999998 12.31 13.46
1 327.28000000000003 12.065000000000001 32.34 15.47
1 362.805 18.9 20.97 16.5
1 434.92 23.575000000000003 17.5 17.71
1 428.455 43.669999999999995 12.53 14.52
1 399.83 32.605000000000004 17.74 16.11
1 381.775 71.03 17.53 16.54
1 353.23 136.51 22.38 19.62
1 380.92 114.50999999999999 14.44 18.26
1 401.2 182.74 15.12 19.28
1 493.32000000000005 87.695 19.94 16.19
1 473.65999999999997 118.415 18.56 15.47
1 424.675 216.505 13.73 14.33
1 461.09499999999997 286.28499999999997 17.13 22.51
1 499.085 313.045 18.89 17.57
1 275.07000000000005 347.635 22.44 16.23
1 294.02 252.20000000000002 28.16 25.3
1 447.57000000000005 348.52 17.82 16.3
1 379.115 327.105 15.33 15.75
1 401.175 288.53499999999997 21.85 20.29
1 477.86499999999995 253.64 33.17 21.28
1 259.17 36.225 19.8 19.39
1 342.79 52.655 18.14 23.41
1 325.125 75.575 20.53 17.69
1 161.01500000000001 151.11999999999998 19.81 18.4
1 199.38 163.24499999999998 20.56 24.09
1 160.995 254.995 21.97 18.79
1 135.175 204.46 13.87 13.6
1 245.445 237.88 21.01 19.34
1 234.475 275.59000000000003 18.17 14.08
1 288.315 149.92000000000002 26.01 18.62
1 312.785 122.22500000000001 16.71 19.09
1 286.98999999999995 131.415 23.42 12.65
1 245.47 137.26500000000001 21.0 19.57
1 200.35500000000002 79.855 20.53 17.43
1 141.87 116.135 14.32 16.47
1 165.86 37.13 32.22 66.12
1 132.8 67.44500000000001 28.16 15.99
1 134.475 48.59 23.39 17.9
1 114.525 90.715 15.97 13.37
1 56.655 18.990000000000002 17.19 19.34
