1 219.085 218.01999999999998 7.23 16.02
1 260.13 187.95000000000002 16.56 10.54
1 260.40500000000003 132.96 17.83 12.9
1 352.85499999999996 140.595 16.91 18.37
1 497.85 257.57 12.7 18.2
1 497.20000000000005 235.85500000000002 19.82 18.73
1 263.86 222.11999999999998 22.2 17.84
1 459.295 271.66499999999996 8.73 17.27
1 456.66 230.31 7.82 17.82
1 401.65999999999997 250.295 14.92 15.65
1 286.39 200.85000000000002 31.22 13.1
1 395.5 131.67000000000002 17.4 12.94
1 398.57 104.325 13.1 11.63
1 269.03999999999996 4.93 17.02 9.86
1 198.385 22.270000000000003 15.57 12.2
1 298.27500000000003 153.83 16.73 29.98
1 262.51 262.35 14.2 11.58
