1 198.07999999999998 345.51 46.2 46.98
4 156.655 177.445 54.01 50.11
4 157.435 95.75999999999999 54.01 50.88
4 146.10000000000002 30.880000000000003 26.66 22.74
1 301.65500000000003 216.92000000000002 62.61 72.78
1 415.055 435.83 193.89 128.98
1 37.585 34.644999999999996 44.79 43.43
1 63.245000000000005 324.01 42.29 39.94
1 145.32 334.56 65.74 48.54
1 493.35999999999996 269.755 21.04 27.95
1 222.31 303.68499999999995 27.44 24.31
1 264.84 76.885 37.1 39.35
1 297.23499999999996 421.005 34.55 30.15
4 476.055 254.01000000000002 12.83 12.04
4 471.87 267.105 15.44 13.61
4 458.125 248.125 13.61 12.83
2 43.825 374.40999999999997 45.59 46.68
2 157.55 400.195 38.0 43.43
4 14.055 169.63 28.11 39.16
4 454.33000000000004 258.595 12.82 11.25
1 376.995 228.60500000000002 82.73 61.23
1 281.78499999999997 158.86499999999998 27.65 29.21
