2 320.78 273.175 46.14 52.11
1 83.85 465.215 19.16 22.93
1 58.56 450.765 21.36 22.93
1 418.2 450.09 35.28 36.64
2 372.62 289.455 42.34 48.85
2 434.53000000000003 46.58 64.24 65.14
1 46.985 57.93 93.97 76.52
1 285.47 16.62 107.06 33.24
1 228.55 81.30000000000001 59.56 74.26
1 257.2 159.335 39.96 33.55
1 20.88 315.565 41.76 105.05
1 15.49 419.56 30.98 57.0
1 189.195 426.195 155.25 144.39
1 413.93 236.745 39.08 35.83
1 435.405 256.265 32.67 32.07
1 352.155 146.695 60.79 109.11
1 295.89500000000004 174.695 54.71 45.81
1 211.95999999999998 145.58 67.1 44.48
