1 16.16 116.67 32.32 80.34
1 41.79 189.98 39.68 30.44
1 17.904999999999998 222.255 35.33 33.11
1 32.445 336.795 64.89 39.63
2 239.23499999999999 40.615 58.33 61.97
2 335.815 356.035 85.97 95.13
1 392.04499999999996 436.03000000000003 39.53 40.84
1 451.48499999999996 260.11 42.41 52.46
1 111.10499999999999 244.71499999999997 52.61 60.47
1 83.355 296.28999999999996 52.09 62.04
1 106.905 122.83500000000001 43.21 63.67
1 126.01 191.27999999999997 54.66 78.22
1 206.235 201.84 17.91 26.7
1 243.025 295.22999999999996 80.29 76.9
1 30.14 485.66499999999996 60.28 52.67
1 367.91 271.26 78.88 51.52
1 172.205 20.285 62.43 40.57
1 306.965 15.424999999999999 45.65 21.15
1 86.575 28.21 44.57 56.42
