1 15.69 44.265 24.54 15.87
1 17.405 69.81 26.39 9.8
1 291.9 134.895 24.5 12.25
1 299.535 191.455 13.83 15.11
1 198.54 157.63500000000002 8.68 18.85
1 387.65000000000003 474.95 15.7 15.5
1 504.8 505.09999999999997 14.4 13.8
1 333.73 481.225 24.52 18.83
1 417.51500000000004 416.09499999999997 16.21 18.63
1 477.96500000000003 442.15 24.69 25.9
1 446.195 457.47999999999996 27.27 21.66
1 487.73999999999995 260.64 19.8 17.76
1 383.87 116.715 14.9 12.57
1 251.155 157.23 14.45 16.34
1 404.83500000000004 506.47499999999997 19.07 11.05
1 253.24 189.60500000000002 12.06 20.73
1 292.40500000000003 32.105 16.21 11.31
