1 9.11 109.015 15.46 15.45
1 193.33 77.745 10.56 13.09
1 309.875 65.97 18.25 18.68
1 281.04 81.935 19.1 22.01
1 309.46999999999997 119.21000000000001 23.04 16.42
1 285.72999999999996 253.97 14.4 17.88
1 175.58499999999998 112.91499999999999 27.65 19.41
1 203.08 112.79 21.42 16.68
1 332.48499999999996 175.16 14.93 17.44
1 321.78499999999997 207.01 20.41 18.94
1 83.68 330.77000000000004 15.9 23.32
1 209.78 141.67 14.36 23.0
1 426.29 472.455 21.12 20.53
1 408.405 489.62 18.01 14.52
1 177.15499999999997 73.745 14.53 15.15
1 16.32 9.985000000000001 19.36 17.19
2 126.725 113.75999999999999 22.91 19.98
1 169.04500000000002 208.445 17.97 16.93
1 166.28 176.82 16.94 14.86
1 86.105 138.03 15.21 17.46
1 104.07499999999999 132.845 26.61 27.83
1 136.47 83.035 19.2 17.31
1 59.88 74.47 21.48 19.38
