1 403.95 322.84999999999997 18.6 16.18
1 235.24 297.175 26.38 25.39
1 7.485 327.805 10.99 18.27
1 13.705 343.04 18.45 11.84
1 122.44 239.59 16.12 16.82
1 265.97499999999997 284.60499999999996 16.67 17.17
1 58.6 273.16 12.44 32.58
1 15.774999999999999 298.06 14.31 11.82
1 210.72500000000002 502.28000000000003 28.85 19.44
1 385.05 327.09499999999997 14.76 14.55
1 354.915 404.54 17.19 16.58
1 466.74 466.01000000000005 16.38 16.58
1 466.53499999999997 480.065 10.31 11.93
1 304.065 484.90999999999997 25.07 25.68
1 501.235 493.86 21.53 22.6
1 279.335 387.59999999999997 15.67 15.92
1 335.2 385.54 16.1 19.2
1 290.01000000000005 344.835 19.7 17.11
1 259.415 240.49 22.41 19.66
1 12.219999999999999 275.71 15.26 35.86
1 266.09999999999997 446.04999999999995 21.56 17.42
1 384.125 377.145 12.11 12.25
1 317.325 332.945 17.63 15.21
1 327.085 319.125 27.13 27.65
1 291.975 232.47500000000002 26.37 31.85
1 58.565000000000005 380.68 14.01 16.84
1 433.865 485.41 9.33 10.2
1 415.175 354.795 11.53 9.71
1 163.99 365.575 18.0 16.85
1 194.595 335.33500000000004 20.45 19.73
1 202.655 363.775 9.21 10.37
1 125.68 448.76 21.5 20.6
1 86.85499999999999 454.435 28.07 28.97
1 132.845 504.925 16.77 14.15
1 160.58 484.20000000000005 19.0 19.7
1 69.08500000000001 474.60499999999996 20.91 22.29
1 160.84 406.44 16.42 15.9
1 197.13 440.395 20.22 22.63
1 235.31500000000003 474.52500000000003 16.41 15.21
1 262.19 398.22999999999996 13.48 11.92
1 225.47 415.685 12.96 13.65
1 260.63 373.08500000000004 17.62 16.59
1 56.42 241.345 21.36 19.49
1 102.04 277.425 13.06 19.91
1 118.00500000000001 288.83 15.55 10.78
1 35.665 193.935 26.91 26.27
1 8.73 180.20000000000002 17.46 34.04
1 163.275 208.965 28.51 22.29
1 261.99 319.445 22.14 21.15
1 141.24 223.05 22.12 18.66
1 107.20500000000001 205.63500000000002 19.17 15.41
1 166.32 300.66 21.12 27.48
1 200.415 266.4 25.09 21.36
1 12.055 478.65 19.21 17.9
1 25.755000000000003 459.75 16.41 10.3
1 9.864999999999998 423.2 17.83 25.3
1 83.17 303.86 18.46 9.74
1 35.06 355.705 22.18 10.99
