1 103.745 46.325 44.71 92.65
1 411.33000000000004 218.15 201.34 138.94
1 68.705 269.41999999999996 68.11 250.76
1 127.175 373.385 24.41 44.79
1 178.07 362.81 23.64 32.6
1 316.515 102.42 83.13 35.48
1 397.88 354.35 228.24 123.34
1 467.055 449.59999999999997 89.89 63.9
1 382.155 59.690000000000005 20.41 15.7
1 20.335 148.875 40.67 34.87
1 27.47 64.185 54.94 38.27
1 148.935 131.265 26.13 21.65
2 214.045 189.095 63.71 50.73
2 189.14499999999998 417.285 65.77 39.99
2 210.41500000000002 450.58500000000004 56.97 38.83
1 217.365 146.945 24.63 26.63
