1 265.095 211.855 67.45 65.19
2 196.635 224.58999999999997 40.71 44.78
1 169.60000000000002 80.41 80.34 73.82
1 65.075 75.525 22.31 26.05
1 100.89999999999999 246.51999999999998 62.48 53.2
1 56.66 216.66500000000002 63.02 51.03
1 22.185 189.305 44.37 45.59
1 25.09 298.36 50.18 57.0
1 42.870000000000005 377.98999999999995 28.04 26.18
1 91.64 366.09 60.62 60.62
1 130.315 414.48999999999995 57.45 62.42
1 167.865 308.865 58.35 61.07
1 203.82500000000002 351.615 60.61 55.19
1 250.62 396.625 67.36 72.83
1 196.815 466.06 58.35 60.62
1 281.37 482.695 99.14 58.61
2 104.25 120.635 44.5 42.93
1 220.48 164.465 61.82 58.43
1 486.315 98.785 51.37 64.49
1 385.07500000000005 160.99 115.95 110.74
1 332.885 230.67499999999998 112.49 109.95
