1 496.66499999999996 332.27 30.67 82.06
1 443.405 235.51500000000001 62.43 90.81
1 500.79499999999996 199.4 22.41 46.44
1 419.925 122.775 104.23 94.43
1 464.15999999999997 59.57 95.68 93.9
1 29.979999999999997 113.885 23.88 15.83
1 118.065 163.455 14.93 18.81
2 270.715 25.32 51.37 42.1
1 263.43 489.795 14.36 14.71
2 329.2 149.18 59.84 41.2
2 321.92 101.225 58.52 50.17
1 306.565 492.09999999999997 57.79 39.8
1 151.00500000000002 389.28499999999997 31.35 27.17
1 134.9 141.05 11.26 20.94
1 316.275 353.0 37.03 34.04
1 131.0 292.57 34.34 47.78
