1 232.255 477.10499999999996 40.39 37.41
1 284.04 217.06 83.52 45.32
1 498.58500000000004 406.195 26.83 14.39
1 262.84 330.04499999999996 27.68 17.43
1 233.35 380.65 50.9 30.3
1 187.07 140.83 30.68 16.8
4 254.82 191.39 8.3 9.0
4 245.27 192.48999999999998 9.6 8.2
4 254.07000000000002 182.09 8.6 9.2
4 244.57 182.23999999999998 9.0 9.9
4 253.42 172.44 8.9 8.1
4 243.65 173.0 8.5 8.0
1 276.84 182.0 34.28 27.0
1 404.15 263.6 66.3 29.9
1 352.53 265.925 27.92 21.81
1 90.26499999999999 440.53 34.55 53.4
1 45.43 402.07 57.98 187.6
1 129.765 389.47 51.53 118.94
