1 254.97 272.37 6.76 9.94
1 100.36 184.92000000000002 37.04 30.74
1 498.41999999999996 101.72 27.16 26.16
1 251.26 9.55 54.56 19.1
1 493.27 262.24 21.38 27.78
1 476.265 255.6 20.13 26.96
1 483.14 173.54500000000002 26.64 27.79
1 373.56 149.72 105.74 77.08
2 141.165 197.615 32.05 29.37
1 222.70499999999998 237.32 28.15 37.24
1 304.89 313.34499999999997 15.6 18.13
1 306.545 284.90000000000003 22.33 22.32
1 471.455 386.32 12.63 15.46
1 51.485 272.16499999999996 16.41 18.91
1 225.39999999999998 273.38 16.02 22.08
1 86.375 466.49 30.89 20.32
1 104.72 496.555 15.78 20.33
1 420.52 76.105 71.3 50.17
1 466.56 96.88499999999999 38.7 35.11
1 482.865 424.695 19.07 18.73
1 373.33000000000004 394.905 119.68 103.07
1 40.785 359.61 73.11 82.72
2 255.69 198.63500000000002 32.42 36.67
1 293.585 330.825 18.55 17.99
1 175.07 278.92 52.68 42.48
