1 331.67 491.86 51.26 36.62
1 198.94 385.065 15.26 15.87
1 379.27 332.28000000000003 13.42 17.7
1 367.67499999999995 339.59999999999997 18.31 18.92
1 258.745 485.15 48.21 50.04
1 433.275 497.65999999999997 56.75 28.68
1 276.75 433.58500000000004 42.72 43.33
1 302.685 394.22 38.45 41.5
1 393.915 459.21000000000004 15.87 27.46
1 450.97499999999997 377.44 14.03 25.02
1 414.355 374.385 53.09 51.87
1 338.08000000000004 364.01 33.56 32.34
1 357.29999999999995 310.91999999999996 39.06 38.44
1 373.47 294.14 21.36 18.3
1 246.235 382.93 15.87 14.04
1 254.17000000000002 364.01 8.54 18.92
1 218.16 362.185 48.82 37.23
1 259.66 293.83500000000004 48.82 43.33
1 470.655 205.95499999999998 82.69 50.65
1 452.96000000000004 105.57 118.08 54.92
1 318.245 10.68 75.67 21.36
1 388.12 319.16 14.04 17.08
1 418.02000000000004 342.045 27.46 32.35
1 256.305 501.32 29.91 21.36
1 247.15 179.10999999999999 11.6 17.7
1 264.88 85.44 49.36 137.92
1 302.73 259.06 44.46 50.68
1 449.41 470.04 38.58 33.88
1 378.355 414.89 37.23 36.78
1 354.25 453.0 41.5 37.0
1 336.19 123.735 51.98 131.53
1 389.34000000000003 44.75 67.74 41.9
