1 460.5 240.25 53.2 55.96
1 343.79499999999996 275.02 43.43 29.86
1 378.53499999999997 298.90000000000003 33.65 29.86
1 464.845 386.84 32.57 35.28
1 121.14 216.59 25.68 25.42
2 367.76 50.834999999999994 54.28 45.69
2 342.44000000000005 225.725 65.68 48.31
1 28.42 19.834999999999997 56.84 32.91
1 31.935000000000002 149.595 37.45 19.05
1 163.29999999999998 116.51 58.08 49.4
1 218.4 159.395 81.42 71.11
1 194.79 93.14 68.94 77.68
1 220.29999999999998 60.87 70.02 72.74
1 287.885 81.765 85.77 36.37
1 431.45500000000004 174.06 78.69 75.48
1 486.25 219.645 51.5 48.31
