4 184.545 406.755 26.19 26.03
4 282.775 242.845 49.55 44.69
4 329.035 124.11 53.85 48.98
4 194.65 160.06 53.3 53.86
4 21.1 481.34999999999997 27.18 24.04
4 54.81999999999999 479.095 27.68 27.69
4 105.875 418.095 27.35 26.69
4 147.98000000000002 410.885 26.36 25.53
4 218.015 402.26 27.19 26.52
4 416.205 349.65 51.89 49.4
4 310.84000000000003 381.825 32.94 27.49
4 194.41500000000002 487.48 46.23 39.62
4 354.735 493.02500000000003 33.81 31.83
4 507.425 328.545 9.15 25.49
4 458.55499999999995 255.495 34.81 33.49
4 485.195 211.79 33.99 41.62
1 56.775 69.60499999999999 21.49 18.89
1 20.39 70.265 11.74 9.35
4 103.48500000000001 199.16 42.11 39.82
4 21.495 251.22500000000002 42.99 57.09
4 99.42 270.195 37.52 34.09
1 13.135000000000002 115.12 15.13 15.52
1 25.365000000000002 83.485 15.31 16.71
1 19.795 166.735 15.71 16.91
2 357.835 248.94 34.65 39.6
2 236.465 107.92 28.71 23.76
2 273.59000000000003 316.06 53.46 37.12
2 231.945 46.745000000000005 51.97 40.43
2 382.09 453.34499999999997 42.28 32.65
2 457.02 481.525 60.16 28.53
2 469.225 28.56 43.31 55.68
4 170.915 245.995 34.95 33.23
