1 412.935 50.47 16.59 10.78
1 234.15 69.1 13.06 9.98
2 97.14 217.70000000000002 35.06 35.8
2 119.955 181.51500000000001 36.91 40.37
1 224.345 28.1 12.91 8.36
1 150.10000000000002 443.8 13.6 15.6
1 319.47499999999997 34.575 16.17 20.13
1 310.25 112.435 16.38 13.29
1 268.15000000000003 88.89999999999999 11.82 16.82
1 349.58500000000004 18.74 18.45 9.12
1 272.465 8.81 18.25 15.96
1 208.56 42.665 12.36 18.01
1 267.53 48.675 15.14 15.99
1 310.455 73.35 20.53 16.82
1 99.395 335.95 12.95 10.92
1 259.775 462.12 20.75 23.42
1 145.54 235.51000000000002 28.3 22.36
1 108.49000000000001 311.785 16.58 17.19
1 90.08999999999999 290.455 10.92 10.51
1 139.43 318.56 21.44 20.62
1 142.76999999999998 303.805 16.78 13.75
1 178.56 371.235 16.78 17.59
1 288.505 487.48 21.59 17.86
1 180.78 358.095 26.08 20.83
1 43.489999999999995 374.98 18.4 20.22
1 55.72 370.935 12.54 13.35
1 458.22499999999997 505.14000000000004 13.43 12.84
1 346.20500000000004 105.04499999999999 11.19 24.89
1 281.77000000000004 157.82 17.72 15.56
1 505.88 91.25 12.24 26.28
1 213.45000000000002 17.6 14.1 20.94
1 344.78000000000003 490.51000000000005 24.62 18.2
1 434.175 475.43 12.99 12.64
1 399.8 441.815 17.38 15.83
1 341.84000000000003 367.735 13.2 12.09
1 300.97999999999996 361.48999999999995 14.04 9.42
2 231.92 385.085 28.5 30.31
