1 5.995 416.1 11.99 21.2
1 43.395 440.19000000000005 30.91 26.44
1 118.92999999999999 395.15500000000003 21.2 26.99
1 487.995 317.595 48.01 43.35
1 429.915 104.71000000000001 83.23 109.02
1 46.29 343.15 23.56 26.18
1 436.25 22.615 60.62 45.23
1 336.28 25.099999999999998 42.52 48.4
2 89.605 97.37 55.79 55.74
1 52.795 275.775 25.29 27.63
1 280.08500000000004 118.27 47.09 40.9
1 250.36 142.62 48.72 40.56
1 320.88 168.44500000000002 50.36 54.17
1 293.40999999999997 197.46 38.18 36.54
1 123.36 306.61 20.72 30.9
1 34.845 80.735 18.51 25.63
1 63.324999999999996 210.03 28.33 29.54
2 79.02499999999999 344.775 30.81 43.05
1 37.48 16.62 44.9 33.24
1 462.42 491.86 17.34 27.9
1 490.315 391.02 24.13 61.44
1 461.475 465.47 15.45 24.12
1 342.185 483.46000000000004 39.17 57.08
1 295.795 407.22999999999996 92.73 29.78
1 323.695 325.43 33.93 117.24
1 379.46000000000004 368.02500000000003 41.84 64.47
1 377.03000000000003 273.21999999999997 69.74 32.42
