1 291.21500000000003 87.745 13.61 23.93
1 443.87 81.74000000000001 27.84 19.3
1 400.39 90.08000000000001 13.62 13.64
1 196.315 26.58 9.03 22.44
1 210.45000000000002 24.509999999999998 6.22 23.62
1 415.8 5.1 19.4 10.2
1 376.60499999999996 29.995 16.91 24.75
1 454.075 198.97 20.79 11.88
1 473.975 162.73499999999999 24.95 9.51
1 505.76 160.06500000000003 12.48 18.41
1 485.855 137.48999999999998 27.33 11.28
1 46.0 32.265 13.2 20.21
1 87.25 44.845 16.5 7.43
1 172.01 46.705 12.78 20.21
1 320.7 84.88 12.4 19.84
1 444.625 57.53 12.33 27.26
