1 22.61 258.43 24.08 28.86
1 161.815 94.98 66.29 45.44
1 105.075 73.47 49.57 22.72
1 347.455 312.20000000000005 66.65 41.7
1 406.79499999999996 308.115 57.19 41.27
1 493.5 334.0 37.0 35.26
1 386.58500000000004 466.97499999999997 120.83 46.05
1 392.60499999999996 198.0 122.55 44.8
1 201.265 435.585 160.39 75.29
1 83.235 170.30499999999998 98.03 41.71
1 92.265 16.68 98.03 33.36
1 253.72500000000002 284.685 83.85 46.01
1 479.93 185.12 64.14 38.74
1 323.445 44.400000000000006 45.39 42.7
1 392.55499999999995 17.485 46.31 34.97
