1 45.959999999999994 442.53 76.96 34.56
1 201.395 355.685 82.99 63.09
1 51.305 204.23 102.61 42.88
1 110.215 153.995 32.57 49.99
1 119.785 108.1 31.41 46.06
1 125.07000000000001 42.03 31.28 84.06
1 252.08499999999998 55.405 20.77 28.65
1 227.03500000000003 34.675 30.91 69.35
1 355.02 25.82 36.56 51.64
1 186.51500000000001 134.195 31.29 75.39
1 226.095 117.97999999999999 31.29 55.04
1 346.35 109.875 37.32 50.89
1 432.675 116.85000000000001 36.57 50.52
1 440.005 31.845 35.39 52.39
2 474.355 157.54500000000002 40.83 40.53
2 405.025 165.555 32.99 35.49
2 495.565 270.48 32.87 49.0
1 358.5 397.705 29.52 20.73
1 316.545 392.67999999999995 32.39 35.18
1 487.455 427.55 34.87 72.88
1 314.05 500.245 41.78 23.51
2 277.61 464.145 44.3 46.17
2 276.195 481.09999999999997 42.09 39.8
