1 463.96 102.31 18.76 22.9
1 180.855 312.445 24.89 31.15
1 269.195 285.95 40.05 49.48
1 286.365 207.845 42.15 39.29
1 365.67499999999995 245.03 34.31 37.7
1 445.64 91.185 25.74 19.41
1 497.41999999999996 277.74 29.16 34.06
1 421.315 308.765 60.21 47.93
2 176.14499999999998 387.305 41.15 40.53
1 232.575 402.625 39.27 34.55
2 445.205 243.24 31.85 30.76
1 413.975 353.015 24.11 21.73
1 159.795 481.945 38.75 24.61
1 308.485 366.24 33.51 32.46
1 100.735 471.08500000000004 28.01 18.59
1 134.115 442.405 39.27 33.53
1 94.075 444.63 23.07 26.46
1 36.34 449.995 36.38 30.39
1 67.85 356.28000000000003 29.78 35.1
1 238.435 204.27 33.51 29.06
