1 359.3 264.16 15.44 23.08
1 308.855 211.34 19.37 20.16
1 102.23 287.96500000000003 15.44 15.71
1 395.975 356.58500000000004 12.57 14.69
1 224.35 284.16999999999996 15.7 20.16
1 252.625 230.89499999999998 22.51 24.09
1 352.12 193.60000000000002 18.36 18.6
1 282.075 124.87 21.73 17.8
1 55.11 129.19 8.64 11.78
1 386.41499999999996 96.21 21.43 22.78
1 339.145 156.68 16.49 14.92
1 391.23999999999995 179.59 18.06 23.56
1 367.285 227.495 23.57 19.89
1 297.52000000000004 253.41000000000003 15.44 14.66
1 283.125 274.485 12.83 13.35
1 261.0 362.17999999999995 20.42 20.68
1 287.18 418.2 18.32 18.06
1 314.14500000000004 416.23999999999995 18.33 15.18
1 315.455 377.36 13.61 11.78
1 355.12 327.63500000000005 18.04 12.33
1 398.175 312.04999999999995 14.13 15.18
1 420.10999999999996 251.92000000000002 12.04 9.16
1 431.815 205.89499999999998 23.29 23.83
1 309.165 303.935 13.09 9.95
1 278.14500000000004 298.83 10.21 11.78
1 150.26500000000001 374.21999999999997 16.23 17.02
1 19.77 499.75 14.92 17.28
1 111.525 460.61 18.33 18.58
1 213.22500000000002 428.28000000000003 21.73 18.32
1 316.45 340.53 14.66 17.8
1 281.68 358.64500000000004 17.28 20.95
1 169.51 399.225 22.78 15.71
1 159.26500000000001 446.095 15.05 19.85
1 200.60999999999999 383.38 18.76 16.58
1 121.4 401.525 14.18 12.43
1 36.915 182.075 12.05 13.87
1 23.695 224.22 14.39 11.78
1 53.67 207.595 17.8 15.71
1 120.295 184.82 19.63 17.28
1 94.11500000000001 222.78 16.49 26.7
1 68.85000000000001 293.72499999999997 17.8 28.79
1 22.515 316.105 18.33 18.59
1 27.755000000000003 356.03 16.23 16.76
1 53.93 455.50500000000005 14.66 15.19
1 136.605 412.65 19.37 17.54
1 98.435 372.26 13.09 19.9
1 94.115 330.245 12.31 15.45
1 146.08 307.86 14.66 19.38
1 363.545 283.07000000000005 18.33 15.7
1 271.72 229.32999999999998 16.36 18.72
1 63.55 441.495 12.72 17.09
1 202.875 209.33499999999998 15.71 15.53
1 218.26 450.805 13.74 24.65
