1 451.695 405.53999999999996 120.61 58.52
1 466.08500000000004 492.75 79.83 38.5
1 378.205 105.855 129.01 52.03
1 28.805 499.91499999999996 30.65 24.17
1 205.575 496.34999999999997 46.33 31.3
1 21.78 197.095 43.56 40.63
2 253.61 126.75 85.98 64.3
2 60.94 108.31 64.88 57.78
1 19.185 33.41 22.81 15.04
1 7.885 94.455 15.77 29.23
1 103.11999999999999 40.235 63.54 46.03
2 335.14500000000004 441.25 75.71 59.7
1 495.885 260.525 32.23 34.93
1 414.915 254.10999999999999 126.87 53.46
1 495.53 128.31 32.94 35.64
1 461.245 113.345 38.49 34.21
1 404.57500000000005 17.835 168.93 34.21
