1 174.755 270.73 70.65 118.32
1 348.58500000000004 44.57 49.09 45.18
1 146.20499999999998 27.060000000000002 43.65 27.36
1 367.1 470.505 58.82 70.59
1 66.38 400.45000000000005 28.9 19.82
1 51.015 252.245 54.49 93.49
1 112.0 240.175 46.44 100.31
1 76.67500000000001 464.315 68.79 79.25
1 190.64 474.84 119.5 65.64
1 287.31 253.99 37.62 20.42
1 284.265 231.345 36.91 18.99
1 284.625 211.635 35.47 18.99
1 279.25 153.12 64.5 29.38
1 135.365 102.255 117.21 73.85
1 242.34 38.660000000000004 35.12 67.76
1 459.49 66.245 48.02 72.77
1 502.115 302.275 19.77 50.29
1 159.03 375.11 18.76 18.98
1 84.68 346.82500000000005 21.86 19.71
2 220.48 127.41999999999999 43.96 45.2
2 390.755 123.09 41.49 43.96
2 341.3 317.65999999999997 49.0 33.54
1 28.205 150.95 34.85 43.46
1 439.35 420.83500000000004 145.3 173.93
1 433.625 196.21 50.85 84.2
1 429.95 286.60999999999996 55.72 48.3
1 255.345 291.875 38.39 26.63
1 215.095 409.515 63.15 56.35
1 14.98 437.07 29.96 102.78
