1 168.12 242.455 35.06 23.75
1 326.255 142.56 31.67 29.02
1 311.18 98.455 32.42 29.03
1 288.185 66.225 26.39 23.37
1 146.44 145.195 24.88 26.01
1 116.10000000000001 100.15 22.24 20.36
1 189.685 85.45 26.39 26.02
1 220.33 79.795 24.12 18.85
1 172.645 51.15 20.73 17.34
1 113.08 52.464999999999996 29.78 28.27
1 71.135 27.945 31.27 31.69
1 245.96499999999997 121.26499999999999 18.09 21.11
1 46.545 248.115 31.67 31.29
1 343.59999999999997 198.16 29.4 37.7
2 204.51 211.10000000000002 47.74 44.6
1 188.285 264.325 35.43 33.55
1 348.30499999999995 483.53 33.55 30.16
1 396.94 452.24 37.32 42.22
1 440.475 425.095 41.47 41.47
1 281.21 492.95 26.76 29.4
1 169.815 476.365 27.15 24.13
1 99.88499999999999 461.09999999999997 26.01 29.78
1 81.77499999999999 433.39 23.79 23.38
1 15.925 493.14 31.85 32.04
1 34.275000000000006 425.665 23.03 26.01
1 86.505 377.78499999999997 29.41 33.55
1 58.214999999999996 341.22 23.41 22.24
1 27.509999999999998 308.61499999999995 30.54 33.93
