1 438.09999999999997 499.78000000000003 34.68 24.44
2 252.565 450.92 69.41 66.6
2 313.88 367.905 85.36 60.03
1 17.85 444.69 35.7 134.62
1 98.875 488.24 44.33 47.52
2 172.15 409.71999999999997 56.1 59.76
2 70.605 320.625 71.93 66.95
1 107.745 19.080000000000002 72.37 35.28
1 198.205 36.69 21.11 21.52
1 201.03 12.415 22.24 24.83
1 257.765 27.095 58.81 43.73
1 321.845 36.895 82.93 53.53
1 403.08000000000004 48.94 39.58 43.02
1 453.975 25.99 35.81 51.98
1 69.465 251.77 70.49 57.3
1 501.07 290.0 21.86 146.56
1 357.965 170.305 59.17 62.43
1 393.52 196.09 48.86 49.94
1 474.4 168.675 17.38 36.37
1 421.74499999999995 299.5 29.31 30.94
1 474.66999999999996 205.045 52.66 28.77
1 327.46 469.09 44.86 50.52
1 349.895 493.59000000000003 21.11 20.36
1 366.855 426.115 44.49 30.15
1 410.77 435.35499999999996 54.66 31.29
1 439.8 442.135 16.96 22.99
1 470.9 466.07 46.74 49.76
