1 375.445 84.80000000000001 22.17 23.52
2 437.08 428.105 24.88 24.51
2 408.805 431.5 26.39 22.24
2 300.65999999999997 464.265 41.78 39.27
1 503.47499999999997 469.43 17.05 20.76
1 450.645 479.01500000000004 30.81 23.59
1 335.37 499.97499999999997 32.04 24.05
1 499.63 17.5 24.74 35.0
1 497.53499999999997 223.56 28.93 64.08
1 479.375 169.695 56.17 67.85
1 448.01 118.38499999999999 52.78 58.05
1 436.7 64.86 47.5 51.26
1 419.245 243.84 59.19 69.74
1 387.77 182.51 53.9 60.32
1 360.97999999999996 131.76999999999998 52.04 61.44
1 334.39500000000004 263.88 51.57 65.14
1 303.72499999999997 209.59500000000003 47.77 62.97
1 278.21500000000003 162.375 47.77 55.37
1 494.445 324.135 35.11 36.91
1 499.875 390.09000000000003 24.25 34.2
1 428.305 336.345 42.89 36.37
1 361.81 352.90500000000003 41.26 31.49
1 372.665 415.875 42.35 31.49
1 244.555 494.88 40.17 34.24
1 223.65499999999997 462.56 43.97 57.54
1 130.56 458.49 48.86 99.34
1 47.235 344.49 59.17 60.26
2 187.255 96.935 63.49 59.13
1 93.10499999999999 41.865 74.91 40.17
1 34.61 14.95 69.22 29.9
2 326.95500000000004 47.79 48.31 39.64
2 281.9 103.15 49.4 37.46
1 392.385 489.69 31.73 22.96
