1 301.715 145.14499999999998 79.63 156.53
1 368.425 132.315 89.89 147.97
2 433.045 15.91 49.61 31.82
2 496.46999999999997 260.61 31.06 65.86
1 24.06 446.1 48.12 131.8
1 88.395 440.4 69.13 143.2
1 159.32 432.555 82.68 158.89
1 234.51 426.85499999999996 86.24 170.29
1 317.905 417.945 80.55 188.11
1 370.605 15.055 68.43 30.11
1 245.73000000000002 27.885 128.3 55.77
1 20.07 88.47 40.14 90.52
1 8.315 140.99499999999998 16.63 20.21
1 80.41 43.235 86.24 86.47
1 392.745 413.315 76.27 197.37
1 224.73000000000002 156.69 81.34 153.96
