2 108.445 467.39000000000004 42.23 37.32
1 49.260000000000005 49.64 25.26 22.24
1 261.68 31.729999999999997 32.04 27.02
1 384.47999999999996 19.515 35.18 29.53
1 401.6 60.495 29.22 20.39
1 365.47 82.025 31.1 26.39
1 322.75 95.515 27.96 32.01
1 273.745 123.78999999999999 33.61 36.48
1 119.03500000000001 334.265 28.27 27.61
1 71.44 485.365 26.7 22.03
1 233.065 381.7 20.73 19.5
1 212.33 405.12 22.62 22.3
1 307.515 335.82 21.99 22.62
1 355.58 327.995 30.16 31.41
1 412.59499999999997 213.305 38.01 37.07
2 440.705 60.56 44.29 44.78
1 487.99 76.67 27.96 28.3
4 339.75 474.575 22.24 21.91
1 410.16499999999996 440.14000000000004 31.93 21.2
2 58.095 355.055 75.83 68.79
