1 243.79500000000002 115.03 13.43 12.82
1 501.32 494.61 18.3 29.9
1 474.465 468.06 30.51 30.52
1 488.81 364.315 7.94 17.09
1 464.705 371.335 19.53 10.37
1 209.315 7.935 20.13 15.87
1 364.625 220.605 13.43 14.03
1 443.03999999999996 333.195 18.92 19.53
1 429.615 451.89 37.23 34.78
1 412.83500000000004 463.485 23.19 28.69
1 367.98 237.385 10.38 15.87
1 357.90999999999997 5.49 14.64 10.98
1 262.405 19.525 60.41 36.61
1 137.61 23.8 37.84 37.84
1 60.41 8.545 28.68 15.87
1 33.56 4.88 25.02 9.76
1 450.36 489.41499999999996 25.02 24.41
1 370.42 159.885 15.26 15.87
1 381.405 204.74 14.03 31.12
1 235.85999999999999 104.965 9.76 15.87
1 313.365 52.480000000000004 17.09 10.98
1 295.055 50.650000000000006 15.87 9.76
1 299.63 100.08 67.74 40.28
1 375.0 94.28 37.84 21.36
1 505.44 68.655 13.12 48.21
1 506.65999999999997 158.36 10.68 21.36
1 155.915 253.255 78.11 62.25
1 127.845 183.075 19.53 15.87
