1 332.055 75.775 8.57 15.03
1 315.45000000000005 418.325 16.7 17.35
1 309.38 466.1 16.7 13.48
1 282.92499999999995 412.085 10.29 13.67
1 340.77500000000003 300.08000000000004 17.21 11.94
1 344.89500000000004 57.940000000000005 18.83 13.34
1 398.55 188.495 14.76 14.57
1 472.115 180.035 9.03 8.73
1 376.42 96.80499999999999 11.96 12.97
1 414.46999999999997 113.82 13.64 9.98
1 364.95000000000005 130.655 16.46 20.97
1 350.53 215.895 14.16 13.97
1 358.025 102.52499999999999 13.63 12.35
1 381.47499999999997 269.14500000000004 16.27 11.35
1 408.45 147.08 22.4 18.86
1 305.745 184.655 8.69 9.73
1 506.575 315.555 8.93 11.63
1 465.37 363.065 9.1 17.37
