1 381.65 195.27499999999998 41.78 65.03
1 388.60499999999996 385.93 51.65 52.4
1 300.95 276.76 43.36 42.1
1 93.74000000000001 307.865 39.58 48.63
1 17.435 236.485 34.87 75.09
1 33.06 193.715 43.42 46.55
1 53.865 163.18 47.95 53.34
1 316.205 447.32 50.39 54.76
1 284.43 249.445 47.12 36.47
1 70.78999999999999 124.84 30.76 36.64
1 445.715 334.285 55.79 48.63
1 450.73 440.745 99.14 105.55
1 255.78 485.275 25.52 25.53
1 452.56 84.515 52.76 47.55
2 485.78999999999996 231.375 52.42 66.23
1 449.63 139.885 65.14 65.79
1 220.845 327.78 81.43 84.68
1 324.93 206.57000000000002 73.54 86.42
1 399.14 86.14 59.28 65.14
1 353.21500000000003 60.09 41.69 37.78
1 385.46500000000003 32.08 64.49 58.62
1 369.09000000000003 434.55499999999995 45.6 43.43
1 35.53 97.135 71.06 74.23
1 415.565 360.86 45.99 45.24
1 348.82 480.08500000000004 47.78 46.47
