1 178.59 87.545 14.52 9.85
1 64.205 281.96500000000003 13.41 9.07
1 49.66 38.375 17.02 19.41
1 151.925 46.435 14.93 15.23
1 128.77 81.22 16.46 16.12
1 42.775 119.59 15.25 16.42
1 4.0 107.345 8.0 18.81
1 14.79 157.71 11.38 10.66
1 67.915 196.3 16.43 13.8
1 45.05 261.88 16.86 12.38
1 58.525 302.485 14.69 17.57
1 73.265 333.735 12.81 15.69
1 83.98 388.11 33.0 15.38
1 110.42 392.09999999999997 11.58 25.92
1 142.56 353.825 15.04 13.65
1 203.3 315.985 20.04 13.65
1 199.84 288.41999999999996 13.48 9.68
1 167.35500000000002 232.175 19.35 14.69
1 198.29 162.01999999999998 11.4 10.2
1 139.45000000000002 121.14999999999999 10.54 15.2
1 284.86 159.855 13.82 10.37
1 362.96500000000003 140.32999999999998 17.97 15.2
1 346.46500000000003 159.165 24.71 19.01
1 395.105 133.42 16.59 14.86
1 342.65999999999997 93.675 18.14 16.93
1 378.42999999999995 182.66500000000002 19.18 12.79
1 459.995 188.195 19.87 20.05
1 448.41499999999996 227.07500000000002 20.91 19.35
1 467.585 255.5 18.17 21.6
1 416.88 286.09 9.34 24.02
1 396.75 282.97499999999997 11.24 8.81
1 248.35 330.39500000000004 17.62 10.71
1 322.79 358.65 11.58 10.02
1 405.51 363.745 16.42 11.41
1 492.255 357.175 13.99 15.21
1 482.15000000000003 313.11 14.86 8.64
1 48.730000000000004 101.21 12.4 7.6
1 31.725 100.16000000000001 10.21 9.3
1 209.045 199.655 13.25 15.55
1 308.545 235.36499999999998 14.11 20.45
1 275.285 242.995 13.25 13.81
1 271.53999999999996 219.01500000000001 14.68 14.85
1 313.73499999999996 213.91 11.81 15.26
1 492.28000000000003 203.52 19.08 16.32
1 114.53 451.09999999999997 16.26 16.56
1 255.84 451.46 17.88 16.68
1 325.26 454.88 20.4 17.76
1 61.275 498.755 19.31 17.83
1 105.13499999999999 505.69 16.61 12.62
1 258.78499999999997 503.52500000000003 15.37 13.69
1 313.435 506.515 19.29 10.97
1 411.52 505.89500000000004 10.16 12.21
1 267.65 427.925 7.42 10.69
1 347.055 464.685 13.09 10.91
1 291.47 174.89000000000001 17.48 12.86
