1 30.46 203.555 60.92 104.49
1 105.485 165.105 71.93 91.83
1 57.08 85.035 71.92 92.73
1 184.42 31.775 49.76 63.55
1 174.035 147.99 51.83 64.66
1 140.525 459.36 31.29 94.62
1 227.98000000000002 444.31 32.8 135.38
1 274.895 432.58000000000004 55.83 32.84
1 277.535 374.90000000000003 30.19 32.08
1 278.115 349.1 29.03 23.38
1 296.19 224.685 49.42 62.61
1 364.8 206.4 37.36 79.58
1 424.925 150.985 30.95 59.23
1 502.77500000000003 83.32 18.45 29.44
1 370.66499999999996 355.49 35.43 49.04
1 452.27500000000003 361.335 36.57 50.17
1 363.88 452.56 31.66 50.92
1 445.87 459.345 34.3 51.69
1 410.555 278.96 75.99 30.76
2 296.49 170.66 45.24 42.12
