1 107.55000000000001 13.395 84.7 26.79
1 452.39 340.545 31.9 38.15
1 348.825 368.635 14.29 14.67
1 356.78 483.77 12.66 21.74
1 380.035 498.77000000000004 10.97 17.7
1 451.36 438.65 96.7 72.5
1 70.53999999999999 265.325 16.78 13.35
1 502.505 246.115 18.99 45.79
1 8.36 234.4 16.72 22.42
2 58.32 366.96 84.28 72.12
1 186.70000000000002 334.355 18.92 20.39
1 42.64 123.25 19.56 43.68
1 11.74 18.195 22.22 30.61
1 156.345 381.35 6.45 9.84
1 210.73 61.64 24.94 25.44
1 172.32 372.04999999999995 9.14 10.42
