1 113.36 320.005 12.24 19.51
1 66.17 202.445 10.66 17.87
1 13.495000000000001 505.96000000000004 15.91 10.7
1 120.10000000000001 287.965 16.18 12.67
1 33.415 238.51000000000002 15.37 14.54
1 81.625 356.51 14.33 12.02
1 66.69500000000001 314.21000000000004 9.35 7.46
1 38.4 364.07 15.34 11.84
1 11.765 467.05 18.11 14.7
1 23.365000000000002 483.04499999999996 10.91 15.91
1 7.175 445.44 12.93 9.52
1 44.565 418.69 23.41 18.2
1 56.019999999999996 449.745 8.8 4.71
1 73.025 278.46999999999997 15.55 13.54
1 29.595000000000002 113.52499999999999 12.67 14.85
1 47.96 117.995 20.88 12.53
