1 147.59 491.515 50.32 40.97
1 42.099999999999994 445.23999999999995 82.6 115.3
1 116.52 356.98 87.22 114.88
1 274.65 419.785 55.06 70.75
1 204.455 354.53000000000003 65.11 77.24
1 157.995 274.575 59.85 72.21
1 20.119999999999997 282.52 19.04 21.76
1 55.57 116.05 63.94 75.12
1 486.39500000000004 371.26 30.57 32.28
1 428.64500000000004 360.70500000000004 59.21 75.21
1 474.3 23.895 75.4 46.85
1 108.05 198.345 61.06 72.61
2 64.88499999999999 28.75 70.57 57.5
1 318.77000000000004 206.79000000000002 27.82 19.04
1 372.01 263.74 61.52 72.62
1 219.435 462.015 90.27 99.37
1 438.825 250.26000000000002 45.51 38.92
1 409.59 201.89999999999998 39.62 36.9
1 304.22 118.205 30.82 17.71
1 485.14 124.69 53.72 72.26
2 231.70000000000002 107.41499999999999 45.6 39.63
1 366.01 52.605000000000004 18.22 15.37
1 292.695 40.105 17.01 15.25
1 338.81 71.51 10.74 12.74
1 257.51 191.96 75.16 96.48
1 149.715 66.33 87.39 100.98
2 41.275 50.715 63.51 48.31
1 12.79 345.03000000000003 25.58 59.96
1 40.88 219.265 81.76 147.21
1 323.85499999999996 488.18 54.93 47.64
1 224.49 34.825 77.6 69.65
