1 29.799999999999997 302.09499999999997 26.88 18.51
1 90.505 111.305 20.81 27.59
1 58.440000000000005 17.975 25.98 23.29
1 349.775 250.73499999999999 11.05 10.15
1 431.565 287.0 34.63 30.78
2 435.345 459.38 103.19 70.52
1 413.18 292.95500000000004 17.4 18.71
1 411.2 322.09999999999997 16.4 17.4
1 352.69 367.495 39.6 48.53
1 176.07999999999998 295.705 43.34 41.05
1 231.625 355.81 44.41 41.3
1 244.54 264.21 30.24 29.66
1 327.745 201.95999999999998 40.03 44.78
1 130.775 87.44999999999999 14.41 17.42
1 136.07999999999998 154.85 24.06 27.58
1 219.16 120.875 23.04 18.89
1 193.45 221.33499999999998 37.14 38.59
1 111.85 207.86 25.32 23.24
1 58.56 163.49499999999998 28.64 25.71
1 63.33 126.26 25.38 24.22
1 90.595 177.685 26.77 27.19
1 11.485 45.150000000000006 22.97 33.52
1 20.92 77.935 35.36 30.27
1 105.535 56.69500000000001 43.35 41.21
1 366.925 45.050000000000004 91.73 76.68
