1 460.84999999999997 167.28 15.04 13.24
1 356.43 146.53 34.58 35.86
1 205.58999999999997 41.985 32.34 26.37
1 28.53 119.915 57.06 49.43
1 336.81 272.34000000000003 17.62 14.48
2 493.59999999999997 282.565 36.8 62.13
1 317.905 15.465 19.05 13.09
1 423.15000000000003 126.20500000000001 18.82 18.33
1 454.285 159.4 15.35 14.48
1 122.5 56.155 94.2 111.09
1 429.365 135.25500000000002 11.13 10.41
1 410.795 118.04 11.13 11.24
1 391.45000000000005 221.55 31.7 30.5
1 374.70500000000004 274.95 37.21 31.1
1 73.545 482.71999999999997 19.65 18.64
1 467.115 487.83500000000004 74.51 48.33
1 394.56 162.57 14.9 15.7
1 406.51 172.72 19.0 18.6
1 418.56 185.57 19.5 18.9
1 315.965 128.745 55.03 53.85
1 330.085 144.01 55.87 54.72
2 300.97499999999997 420.18 59.27 56.02
