1 179.715 420.82 66.95 92.28
1 471.16 485.29999999999995 44.86 33.18
1 439.82 295.755 77.08 35.29
1 387.97 176.60000000000002 248.06 68.4
1 213.73 90.28999999999999 60.26 65.14
1 177.35999999999999 141.56 58.08 65.74
1 94.03999999999999 146.45 60.8 47.28
1 35.075 118.22 70.15 55.96
1 20.42 35.92 40.84 71.84
1 39.985 255.62 61.07 64.68
1 263.4 24.355 67.86 48.71
1 195.005 19.04 68.87 38.08
1 100.07 44.84 82.08 89.68
1 28.735 347.63 57.47 120.38
1 144.65499999999997 205.025 23.97 25.37
1 235.60000000000002 230.76 34.04 25.96
1 401.15999999999997 376.84 20.16 53.14
1 138.175 499.90500000000003 51.27 24.19
1 213.87 491.94 52.58 40.12
1 241.815 196.615 33.81 29.67
1 435.84499999999997 374.48499999999996 25.13 51.05
1 448.15 336.265 69.64 22.25
1 430.82 21.09 162.36 42.18
1 429.72 98.175 164.56 54.97
1 248.475 436.655 18.09 31.67
1 468.32 451.35499999999996 38.0 33.93
1 476.915 395.94 33.47 80.52
1 457.92 254.125 61.52 33.93
1 358.62 374.23 24.88 19.0
1 360.43 342.79499999999996 21.26 30.31
1 362.695 297.555 21.27 41.17
1 267.045 340.53 141.09 86.4
