1 312.24 259.09 31.88 25.98
1 92.03 470.815 43.56 33.71
1 165.045 462.89 22.27 24.8
1 219.715 427.75 31.73 34.7
1 14.09 270.125 28.18 45.05
1 196.77999999999997 117.725 25.78 26.47
1 363.03 241.54000000000002 44.14 33.04
1 464.935 269.255 25.61 20.67
1 349.385 345.87 24.87 21.38
1 183.895 276.155 17.69 21.51
1 70.75 43.425 88.1 71.77
1 66.765 115.94 125.77 93.06
1 236.07 121.13499999999999 23.76 26.23
1 284.58 67.435 39.6 38.61
1 367.235 32.04 38.61 33.16
1 488.34999999999997 13.92 47.3 27.84
1 487.02 111.46499999999999 31.68 25.79
1 244.485 173.085 44.55 32.23
1 353.38 194.37 28.7 30.24
1 414.235 290.41999999999996 31.73 33.16
1 417.45 218.65 28.26 19.3
1 469.92 205.535 22.32 20.79
1 421.44 105.02499999999999 17.32 19.85
1 330.585 74.585 23.81 23.31
1 306.85 147.595 27.72 22.81
1 177.89000000000001 205.01 36.18 35.68
1 152.14499999999998 323.31 51.03 49.54
1 40.82 366.25 81.64 69.3
1 125.91499999999999 469.33 32.23 38.66
