1 34.935 461.655 69.87 90.93
1 14.645 483.62 20.13 17.7
1 270.95 73.22999999999999 38.44 41.5
1 405.51 376.22 174.54 155.62
1 337.47 302.68 170.26 153.78
1 505.135 221.825 13.73 16.47
1 153.78 86.045 29.9 21.97
1 189.48 204.74 97.64 83.6
1 499.03000000000003 254.47500000000002 25.94 31.73
1 209.62 8.844999999999999 14.64 10.37
1 186.125 483.925 18.91 23.19
1 483.93 503.15000000000003 26.24 16.48
1 27.765 54.615 12.21 11.59
1 66.215 85.13 68.35 59.2
1 452.5 230.67499999999998 30.52 30.51
1 266.07 472.94500000000005 121.44 74.45
1 255.085 284.99 100.69 95.2
1 312.445 56.75 44.55 50.04
