1 296.55 353.7 44.86 42.6
1 371.375 324.86 45.99 39.96
1 411.905 309.03000000000003 51.65 42.98
1 485.60499999999996 274.915 52.79 50.89
1 416.97499999999997 173.695 50.55 58.81
1 462.04 136.565 90.84 60.69
2 323.71 96.1 85.76 76.54
2 341.90999999999997 135.185 62.4 58.09
1 482.765 487.91999999999996 58.47 48.16
1 468.74 390.11 86.52 60.62
2 40.1 476.5 80.2 71.0
1 311.445 231.14499999999998 78.71 80.97
1 273.74 276.475 49.8 47.95
1 169.135 390.265 90.85 81.05
1 219.46 471.31 82.18 54.66
1 311.82 440.02500000000003 41.46 41.09
1 344.425 441.91 38.07 49.38
1 250.565 343.33000000000004 64.47 66.34
1 334.625 339.94 45.61 39.96
1 49.995000000000005 82.335 59.93 49.57
1 57.480000000000004 32.175 71.0 58.69
1 185.725 199.295 71.25 75.01
1 137.075 256.82 69.03 72.76
1 32.865 250.79 39.21 25.26
1 62.81 329.195 69.02 65.21
1 20.58 368.96999999999997 41.16 55.04
