1 148.475 460.885 13.71 18.63
1 190.18 384.165 30.74 17.21
1 156.01 397.51 20.22 24.9
1 186.23999999999998 405.495 9.9 14.17
1 176.53500000000003 403.275 9.91 15.79
1 182.51 463.365 12.06 17.33
1 372.08000000000004 455.43 22.08 16.98
1 419.93 468.085 7.92 13.65
1 489.855 493.02 10.61 19.04
1 493.815 467.66499999999996 10.45 7.41
1 373.59 506.755 46.68 10.45
1 294.14 506.43 50.22 11.14
1 155.9 480.83000000000004 21.0 18.34
1 134.06 466.855 21.58 24.75
1 158.67999999999998 353.935 13.34 25.23
1 148.595 194.6 17.19 21.26
1 8.41 228.45999999999998 16.82 39.4
1 356.53 315.525 169.66 38.15
1 290.71500000000003 356.38 36.83 43.16
1 422.01 370.02 41.12 71.44
1 103.81 360.865 13.0 12.47
1 103.815 21.005 26.93 31.79
1 55.06 18.46 10.94 16.0
1 297.055 219.47000000000003 42.27 82.72
1 235.9 22.55 19.92 45.08
1 242.185 69.89500000000001 33.89 44.03
1 192.92000000000002 51.2 20.62 29.7
1 206.195 21.675 47.87 29.35
1 118.41 63.214999999999996 31.16 27.11
1 75.9 64.675 28.82 23.61
1 49.404999999999994 65.4 14.85 18.66
1 12.31 93.355 22.42 29.15
1 18.02 165.12 21.4 29.66
1 72.16 298.455 20.22 20.89
1 109.53999999999999 334.60499999999996 18.2 27.93
1 159.175 308.72499999999997 15.99 17.81
1 163.39999999999998 276.86 22.46 35.1
1 163.11999999999998 233.39499999999998 31.46 24.15
