1 476.825 396.14 70.35 57.68
2 343.195 414.90500000000003 52.11 39.09
1 331.365 137.26 74.87 46.86
1 419.41 164.17499999999998 114.98 61.89
1 348.07 182.04999999999998 92.36 61.26
1 69.325 88.03999999999999 50.79 88.22
1 48.055 156.5 46.89 61.0
1 27.11 234.245 54.22 101.31
1 81.27499999999999 218.43 23.63 20.2
1 68.195 18.875 43.97 37.75
2 456.29 325.555 51.12 47.49
2 182.845 36.935 55.81 41.47
1 451.33 492.655 80.88 38.69
1 259.555 438.235 58.35 61.07
1 152.775 451.355 59.31 80.97
1 192.73000000000002 403.83 34.24 37.38
1 190.06 294.82 88.96 91.6
1 279.21 328.18 87.08 52.02
1 319.36 237.18 117.24 60.7
1 223.98499999999999 207.965 86.71 50.13
