1 168.545 69.99 99.67 50.16
2 98.85000000000001 407.41499999999996 68.4 59.27
2 190.69 483.32 84.02 57.36
2 85.5 477.44 70.4 50.8
2 200.14000000000001 365.395 75.56 57.31
1 164.31 277.46000000000004 36.48 117.26
1 110.24499999999999 309.055 70.35 48.85
1 116.435 165.06 30.61 59.34
1 53.395 55.985 106.79 44.29
1 51.215 14.64 102.43 29.28
1 146.4 19.525 39.74 39.05
2 216.42499999999998 130.57 72.95 55.36
2 258.44 70.63 63.18 52.74
1 383.83 25.695 36.48 47.55
1 400.775 56.31 41.69 59.28
1 412.16999999999996 114.935 41.04 64.49
1 349.96500000000003 179.425 61.23 48.85
1 374.715 212.64499999999998 40.39 57.97
1 386.44 267.69 37.78 59.92
1 473.97499999999997 293.71500000000003 76.05 46.97
1 479.185 352.665 65.63 38.49
1 474.38 323.06 19.54 28.66
1 350.28499999999997 359.54 47.55 65.14
1 376.995 405.105 73.61 50.87
1 313.47999999999996 486.905 37.78 50.19
1 401.88 484.3 35.18 55.4
1 487.72999999999996 482.02000000000004 41.04 59.96
2 21.9 429.23499999999996 43.8 53.41
