1 102.18 209.03 20.62 19.84
1 178.07999999999998 103.62 26.4 28.46
2 237.57 295.98 26.52 21.5
1 429.4 416.785 17.92 26.13
1 88.155 120.145 18.15 20.25
1 398.09 259.25 23.62 20.72
1 127.54499999999999 114.37 19.39 21.08
1 167.14999999999998 8.2 58.16 16.4
1 11.0 113.565 22.0 34.65
1 111.685 73.53 33.03 35.86
1 372.015 277.26 23.39 28.18
1 191.66500000000002 32.51 18.67 20.8
1 96.065 347.465 16.47 17.67
1 286.42499999999995 471.92 32.43 43.36
1 106.30499999999999 119.11500000000001 10.73 15.71
1 351.98 263.79 17.82 22.94
1 419.71000000000004 284.535 6.08 17.13
1 335.685 264.825 16.71 18.93
1 323.365 268.89500000000004 10.69 15.47
1 297.90999999999997 263.555 18.9 22.03
1 309.455 313.78000000000003 30.11 27.22
1 164.465 184.26 23.93 26.4
2 27.495 405.94000000000005 54.99 35.06
1 383.1 465.35499999999996 41.58 46.15
1 394.56 426.24 16.92 19.66
