1 338.21000000000004 494.29499999999996 44.82 35.41
1 74.68 242.51999999999998 51.96 63.9
1 22.795 297.40999999999997 45.59 100.92
1 390.53499999999997 98.405 23.39 30.35
1 448.89000000000004 150.415 33.32 29.39
3 64.295 15.355 47.47 30.71
1 483.665 49.895 35.83 99.79
1 159.27 31.585 40.24 63.17
1 210.04000000000002 6.82 62.54 13.64
1 248.74 35.3 43.34 70.6
1 16.1 151.955 32.2 44.29
1 169.5 94.25500000000001 19.78 16.77
2 334.095 132.22 65.35 52.46
2 220.12 169.64499999999998 56.56 49.91
1 305.165 297.015 53.75 77.63
1 441.115 486.515 61.51 50.97
1 308.36 461.36 48.38 59.72
1 279.40000000000003 415.38 50.76 60.92
1 212.27 435.475 51.36 55.83
1 232.60999999999999 343.625 42.7 49.57
1 209.465 300.03 45.39 56.14
1 182.44 255.39 51.66 62.4
1 158.255 214.03500000000003 41.51 43.59
1 142.755 357.035 48.97 57.63
1 110.51 302.53999999999996 58.52 77.04
