1 454.65 387.40000000000003 75.02 35.82
1 470.295 417.745 45.23 28.65
1 233.23 238.38500000000002 32.12 44.79
1 280.275 249.245 65.59 58.35
1 340.44 264.625 54.74 57.45
1 465.7 312.575 92.6 54.73
1 384.5 193.60000000000002 74.64 56.54
1 447.41999999999996 209.435 54.28 47.49
1 403.995 123.94 77.81 48.4
1 73.64 76.565 139.4 120.51
1 76.555 362.915 100.27 65.25
1 108.405 309.95 45.61 44.52
1 90.125 491.86 27.89 26.76
1 123.675 457.55499999999995 60.31 33.55
1 167.965 477.53499999999997 38.83 33.55
1 176.07500000000002 419.085 33.93 29.81
1 190.39499999999998 395.53999999999996 51.27 34.68
1 203.35500000000002 332.675 36.91 30.11
1 302.05 482.42 34.82 58.9
1 340.27000000000004 471.42499999999995 77.22 40.05
1 362.52000000000004 498.06 35.34 27.88
1 410.035 493.08500000000004 63.35 37.83
1 306.54 358.75 39.2 50.14
1 349.285 357.62 45.99 39.58
1 387.73999999999995 381.555 58.8 51.27
1 457.82500000000005 59.025 51.57 47.05
1 383.19 24.535 87.76 49.07
1 302.44 12.55 41.16 25.1
2 193.43 37.095 65.14 53.41
1 488.94 494.84000000000003 46.12 34.32
