1 229.315 152.915 221.31 33.65
1 476.96500000000003 77.435 70.07 32.17
1 402.08500000000004 53.175000000000004 89.59 32.17
1 259.78 10.875 88.1 21.75
1 160.01 24.735 35.18 49.47
1 70.43 26.96 36.18 53.92
1 54.339999999999996 110.345 38.66 116.81
1 111.03999999999999 183.11 33.16 33.66
1 264.27 499.925 74.28 24.15
2 250.175 268.245 40.09 58.41
1 366.995 407.58 248.97 39.1
1 204.685 494.11 45.03 35.4
1 329.825 106.995 10.51 12.65
1 301.445 107.73500000000001 24.59 12.89
1 306.06 328.63 57.92 69.3
1 391.91 316.01 114.88 35.14
1 451.83 180.88 119.78 34.16
