1 446.6 348.345 52.48 56.09
1 338.935 204.27 47.95 51.12
1 303.88 157.68 63.78 71.02
1 266.56 106.33 55.18 61.52
1 160.93 183.01 32.12 118.06
1 30.595 308.54 61.19 27.14
1 65.57499999999999 288.815 37.55 31.67
1 87.82499999999999 219.615 35.17 125.07
1 166.775 78.91499999999999 122.73 32.83
1 448.625 138.325 126.75 32.83
1 444.27 106.275 25.8 34.39
1 432.995 73.44 158.01 35.96
1 241.68 463.925 30.76 42.97
1 325.385 13.565 23.63 14.85
3 481.575 291.78499999999997 60.85 119.13
1 326.225 353.05 127.11 31.66
1 173.32999999999998 353.955 128.92 31.67
1 309.53 487.875 142.04 30.35
1 348.3 465.01 31.22 46.6
1 295.74 465.055 29.4 45.23
1 428.28000000000003 478.8 35.74 66.4
1 499.43 436.555 25.14 50.67
1 481.88 396.3 53.38 57.9
1 369.92 247.015 59.26 63.33
