1 117.415 421.86 38.99 37.38
1 12.325 145.5 24.65 30.98
1 383.665 195.21 26.07 23.88
2 219.20000000000002 324.045 54.3 44.33
2 173.57 228.575 49.0 42.83
1 345.71 224.145 20.42 19.79
1 306.695 303.59 30.47 27.64
1 202.39 419.65999999999997 54.38 39.9
1 120.16499999999999 469.17 26.07 32.36
1 161.19 304.70500000000004 33.52 25.33
1 266.265 201.715 24.19 26.07
1 61.115 282.26 18.55 28.56
1 100.84 340.635 18.32 19.89
1 320.455 379.00500000000005 16.37 14.69
1 173.80499999999998 124.43 23.33 22.14
1 173.535 54.75 28.57 28.8
1 227.305 145.88000000000002 33.47 31.66
2 275.765 405.90500000000003 47.49 56.23
1 90.78999999999999 202.44 31.94 40.58
