1 478.175 369.235 67.65 36.23
1 433.9 481.625 156.2 60.75
1 225.975 161.785 18.89 21.57
1 163.97 187.01999999999998 24.26 21.84
1 388.92 342.84000000000003 22.58 46.34
1 308.63 71.28 13.42 14.56
1 180.645 141.48 11.47 12.64
1 451.155 45.660000000000004 37.01 29.12
1 385.495 216.33 29.39 19.56
1 286.075 7.275 45.77 14.55
1 153.64499999999998 254.77999999999997 139.53 130.48
1 148.51 301.57 67.68 68.28
1 303.73 299.04999999999995 24.86 15.18
1 357.115 207.11 31.77 23.86
1 433.47499999999997 273.07000000000005 31.03 20.2
1 214.255 366.705 37.63 33.77
