1 295.97 57.059999999999995 32.34 25.02
1 12.05 479.34999999999997 24.1 39.66
1 389.95 170.26 57.98 53.7
1 438.15999999999997 56.934999999999995 147.68 111.07
1 30.355 424.41499999999996 59.49 94.57
1 166.18 432.23 62.24 73.96
1 497.915 505.25 25.63 13.5
1 51.72 212.37 103.44 97.64
1 8.845 337.77 14.65 20.14
1 18.0 350.89500000000004 15.86 17.09
1 464.09499999999997 100.38499999999999 35.39 33.57
2 141.99 194.01000000000002 26.24 20.8
1 224.265 357.91499999999996 84.21 97.03
1 240.435 402.46000000000004 57.97 57.98
1 186.43 126.32 20.74 17.08
1 8.844999999999999 16.17 15.87 27.46
1 306.65000000000003 85.435 32.96 34.17
1 343.875 126.01500000000001 73.23 78.73
1 78.41499999999999 422.59999999999997 23.19 23.8
