1 24.94 146.7 49.88 78.4
1 95.91 386.96000000000004 67.12 70.68
1 389.805 187.03 24.75 21.86
1 424.365 265.15 69.71 73.0
1 152.635 231.04500000000002 73.65 87.91
1 473.77000000000004 89.53 76.46 103.5
1 447.36999999999995 399.24499999999995 46.18 47.43
1 421.11 362.675 49.32 51.83
1 454.565 497.41999999999996 47.75 29.16
1 269.86 268.77500000000003 52.12 56.45
1 237.02 223.45 57.0 64.6
1 206.89 183.28 49.94 54.82
1 171.605 136.325 55.37 62.97
1 141.48000000000002 93.44 52.66 56.46
1 108.91000000000001 48.925 53.74 62.97
1 383.98999999999995 422.005 61.18 75.43
1 329.64000000000004 347.76 62.96 67.12
1 473.755 433.79999999999995 44.29 46.8
1 207.58 425.86 69.5 74.84
1 215.895 89.67999999999999 51.67 59.4
1 147.295 347.76 67.71 73.06
1 494.37 466.78499999999997 35.26 44.29
1 11.13 437.205 22.26 71.87
1 145.51 477.24 70.08 67.12
1 19.15 500.59000000000003 38.3 22.82
1 87.3 269.945 66.52 68.31
1 33.555 307.96 67.11 69.5
