1 43.3 94.80499999999999 86.6 37.13
1 305.145 40.415 115.29 33.87
1 232.19 109.79 114.0 34.52
1 160.86 178.51500000000001 113.34 35.17
1 251.73000000000002 176.56 42.34 46.9
1 39.39 263.525 78.78 84.03
1 138.065 253.095 70.35 64.49
1 78.78 306.125 75.56 71.65
1 136.43 376.21 71.0 65.78
1 146.85500000000002 421.815 24.11 28.01
1 177.145 404.55 28.67 28.66
1 253.685 448.845 61.89 70.35
1 181.38 495.405 63.18 33.19
1 197.99 318.825 52.12 50.15
1 245.54 283.06 48.2 43.64
1 268.34 303.90500000000003 45.6 35.83
1 290.15999999999997 330.28499999999997 43.64 41.69
1 329.245 374.90999999999997 48.85 47.56
1 369.96 418.88 52.12 49.5
1 329.575 463.5 52.11 46.24
1 490.15999999999997 498.985 43.68 26.03
1 490.15999999999997 440.7 43.68 41.04
1 384.61499999999995 286.645 56.67 49.51
1 427.28499999999997 245.28 71.65 69.7
1 405.46000000000004 177.85999999999999 73.6 74.26
1 343.57500000000005 239.42 85.33 87.94
1 396.34000000000003 48.885 26.7 26.05
1 39.32 150.17 19.0 19.0
2 442.21 385.16 46.68 47.22
2 243.155 241.605 48.29 45.95
