1 11.81 120.35000000000001 23.62 43.62
1 40.18 28.53 77.96 57.06
1 169.77 18.23 41.54 36.46
1 233.53500000000003 146.79500000000002 80.03 146.61
1 358.495 165.005 48.67 48.67
1 302.215 108.405 31.65 34.07
1 306.245 138.565 27.17 23.91
1 313.09499999999997 272.05 68.41 59.12
1 395.22499999999997 354.02 107.79 127.5
2 104.17 144.76 43.48 33.12
1 491.01 282.355 41.98 71.97
1 497.88 410.755 28.24 54.05
1 333.85999999999996 202.33 34.04 33.74
2 266.795 424.19 48.91 56.96
1 103.65 462.845 108.24 98.31
1 205.13 459.01 102.18 105.98
1 155.305 338.78999999999996 108.09 105.4
1 30.485 329.08500000000004 60.91 121.83
1 102.625 216.245 108.39 106.89
