2 61.695 105.12 48.41 44.78
1 119.8 77.955 38.94 124.45
1 93.565 9.925 31.71 19.85
2 202.605 95.845 66.95 63.33
1 379.70500000000004 40.185 80.97 68.81
1 407.275 102.16 92.77 97.76
1 423.625 13.09 28.41 26.18
1 237.43 161.44 63.14 61.26
1 59.53 218.33 63.14 71.0
1 22.51 299.66499999999996 45.02 71.31
2 127.165 197.72 41.15 39.58
2 132.195 230.395 44.29 37.69
1 95.0 345.875 52.14 57.81
1 42.295 416.605 65.45 57.59
1 34.99 442.125 31.2 30.11
1 131.72 398.705 126.66 113.99
1 183.58999999999997 316.1 56.28 45.6
1 245.65499999999997 338.135 46.47 48.65
1 340.31 330.45 59.68 54.66
1 278.9 274.845 44.92 40.83
1 306.385 298.245 45.23 38.01
