1 283.875 46.79 8.57 13.62
1 389.33 103.955 9.1 6.49
1 398.435 65.635 12.33 12.35
1 58.730000000000004 387.27500000000003 14.26 12.85
1 369.98 194.825 17.86 9.95
1 392.31 197.015 17.36 7.59
1 235.31500000000003 16.064999999999998 8.47 6.39
2 360.98 393.725 34.38 33.47
2 495.09999999999997 387.39500000000004 33.02 29.85
2 223.235 402.545 33.93 27.59
1 497.40999999999997 37.12 16.8 13.28
1 450.23999999999995 41.665 20.3 18.17
1 422.10999999999996 49.525 25.54 10.13
1 361.84000000000003 70.14 7.72 9.44
1 417.92 86.21 15.76 5.94
1 391.715 87.26 17.15 5.94
1 359.49 159.05 10.82 15.18
1 407.585 160.23499999999999 5.05 8.57
1 391.295 160.45000000000002 17.13 6.18
1 377.05 159.885 8.02 7.31
1 505.105 175.47500000000002 10.19 17.47
1 244.4 442.28499999999997 7.92 14.15
1 284.28499999999997 362.03000000000003 8.43 18.36
1 278.89500000000004 333.465 19.21 12.13
1 373.76000000000005 268.175 18.2 15.33
1 333.82500000000005 266.825 14.83 12.63
1 329.165 180.335 7.57 10.25
1 328.96 200.905 8.3 10.95
1 321.375 159.615 14.73 10.67
1 285.14 56.9 8.0 8.3
1 310.975 49.245 14.75 10.69
1 406.40000000000003 21.09 14.34 20.66
1 468.93 209.3 6.9 14.18
1 337.96 360.79499999999996 13.06 16.43
1 322.72 304.20000000000005 13.5 13.08
1 371.45 306.17 9.28 14.76
1 365.275 332.43 8.15 20.08
1 375.035 336.43 11.37 13.2
1 410.105 419.09999999999997 15.33 7.92
1 387.23499999999996 505.46000000000004 26.79 13.08
1 466.345 483.08 14.83 8.76
1 305.47999999999996 459.22 14.16 7.24
1 315.835 493.845 6.93 5.73
1 251.38500000000002 483.57 14.17 9.1
1 200.075 496.625 17.03 11.29
1 234.155 371.96 10.01 24.0
1 198.055 345.81 14.01 16.7
1 164.635 491.105 10.21 23.35
1 154.17499999999998 508.685 7.27 6.63
1 145.19 446.27000000000004 6.24 12.1
1 165.72 464.82 22.32 18.36
1 151.35999999999999 348.1 10.44 18.96
1 196.45 315.51 9.08 10.8
1 192.205 279.28499999999997 10.37 13.55
1 188.965 239.25500000000002 14.83 12.97
1 172.32999999999998 203.48 15.84 13.68
1 228.23 128.47 12.62 9.68
1 186.585 127.605 12.61 6.93
1 259.42 91.575 14.52 11.25
1 234.70999999999998 39.3 12.78 15.92
1 225.465 88.97999999999999 11.93 8.48
1 261.495 115.765 11.41 27.49
1 274.04 275.16499999999996 13.14 8.29
1 312.83000000000004 248.29 14.34 5.7
1 148.57 246.45999999999998 6.76 8.64
1 147.55999999999997 233.93 7.34 10.66
1 269.245 506.38 12.53 11.24
1 293.935 497.74 8.35 13.24
1 418.395 339.66 10.89 11.6
1 419.60499999999996 327.825 8.81 8.65
1 262.015 166.57500000000002 17.63 12.61
1 468.42499999999995 191.30499999999998 9.93 7.71
1 461.245 181.29999999999998 11.35 9.52
1 502.805 224.07 18.39 14.96
1 361.245 123.27 11.97 11.1
1 314.945 120.795 17.79 17.21
1 475.94 337.845 12.22 12.09
1 483.8 313.91499999999996 12.5 16.43
1 442.38 313.905 11.38 6.89
1 430.515 324.86499999999995 9.55 16.43
1 391.02 455.11 16.86 22.24
1 440.82 483.84000000000003 11.62 7.58
1 452.7 483.5 9.1 7.92
1 489.26 99.885 7.46 7.59
1 258.635 448.265 18.87 11.29
