1 387.04 368.29 47.72 32.2
1 430.45 214.21999999999997 52.62 53.66
1 471.85999999999996 292.65 45.3 43.8
1 493.515 266.03 36.97 41.54
1 305.65 268.28 69.38 36.22
1 263.16 350.885 47.64 45.29
1 86.67999999999999 504.24 30.6 15.52
1 65.28 481.17 32.36 32.98
1 450.955 439.495 26.91 15.27
2 145.3 382.99 53.8 47.96
2 130.61 394.52 46.14 58.36
1 481.72 43.49 60.56 86.98
1 316.34 196.725 68.5 36.21
1 314.03000000000003 342.995 32.2 64.95
1 336.9 108.42 34.74 65.68
1 430.265 117.64999999999999 82.51 90.66
1 346.13000000000005 32.09 35.82 64.18
1 424.16499999999996 355.165 45.29 39.09
2 370.77 187.805 36.74 37.99
2 332.76500000000004 406.32 63.33 43.0
1 445.695 327.075 41.97 41.51
