1 75.555 83.72 60.31 35.5
1 25.35 75.87 50.7 41.16
2 188.6 218.57 69.0 67.86
1 55.955 297.965 110.89 43.03
1 125.36500000000001 301.575 32.39 31.41
1 156.92000000000002 300.795 34.24 31.73
1 145.12 378.22999999999996 41.8 82.54
1 254.225 430.45 92.83 163.1
1 470.56 344.77 82.88 39.9
1 399.97999999999996 336.63 68.4 38.54
1 447.745 421.58 35.83 81.42
1 372.295 409.90999999999997 39.09 83.06
2 357.52 216.88 53.42 72.96
1 455.01 144.04000000000002 113.98 41.78
1 495.89500000000004 24.605 32.21 49.21
1 429.3 41.865 39.74 83.73
1 197.6 22.465 35.44 44.93
1 149.845 93.61500000000001 95.81 40.21
