1 72.045 458.22999999999996 21.99 28.54
1 50.06 456.13 12.04 17.54
1 144.95499999999998 454.695 19.63 22.51
1 71.99 110.405 26.76 27.89
1 26.130000000000003 457.55 25.14 29.84
1 426.735 414.745 30.73 33.59
1 100.84 458.21999999999997 29.32 33.76
1 387.69500000000005 416.265 31.19 29.25
1 344.175 444.51500000000004 39.71 33.83
1 292.035 482.81 32.73 34.9
1 297.815 402.86 31.63 36.0
1 254.79999999999998 426.265 21.4 29.67
1 473.43 417.475 28.58 26.83
1 118.81 9.835 39.2 19.67
1 115.535 69.5 33.93 27.52
