1 160.875 465.95 33.55 32.8
1 125.06 460.29999999999995 38.08 32.8
1 87.17999999999999 458.03499999999997 42.22 29.03
1 268.46500000000003 6.81 28.01 13.62
1 355.24 114.6 26.44 28.82
1 50.235 468.59000000000003 42.97 40.34
1 254.065 22.9 22.77 18.56
1 97.095 10.79 41.15 21.58
1 213.0 40.879999999999995 29.24 27.36
1 151.74 79.22 31.76 32.98
1 32.3 123.51499999999999 64.6 33.61
1 337.83500000000004 141.445 29.85 28.01
1 26.86 493.03 40.72 37.94
1 401.57 27.725 40.86 39.27
1 414.75 162.42000000000002 29.46 28.36
1 457.89000000000004 106.10499999999999 31.94 34.55
3 439.51 389.05499999999995 55.92 86.07
1 26.415 190.115 52.83 31.41
