1 268.27 400.29 12.5 13.6
1 266.53 231.22 19.68 15.24
1 466.19 251.465 14.52 11.63
1 431.59000000000003 161.535 21.7 11.21
1 335.15999999999997 164.20999999999998 17.4 12.4
1 269.76 187.06 12.8 15.3
1 174.43 249.16 19.32 12.48
1 218.76999999999998 239.14 20.64 14.76
1 338.225 226.18 19.09 12.36
1 112.44 310.925 14.6 16.11
1 151.94 291.92999999999995 14.2 13.3
1 400.28999999999996 210.52 16.3 17.1
1 422.48999999999995 214.57 18.3 21.4
1 224.79999999999998 279.395 20.4 19.81
1 52.45 359.8 16.1 18.0
1 30.6 325.32 20.7 20.5
1 425.15999999999997 256.265 16.54 24.51
1 348.59000000000003 265.16999999999996 16.1 23.0
1 301.115 278.035 11.01 18.71
1 264.95 276.6 13.1 12.0
1 293.07000000000005 336.09000000000003 10.7 16.2
1 322.12 354.23999999999995 16.2 15.3
1 315.9 425.5 23.0 19.8
1 353.91999999999996 434.99 15.8 20.2
1 101.31 500.81 19.58 22.38
1 39.53 431.73499999999996 36.88 26.79
1 24.125 491.64000000000004 26.51 19.58
1 7.385 395.52500000000003 14.77 19.45
1 161.26000000000002 431.09 14.72 12.9
1 159.9 448.53999999999996 22.8 16.8
1 427.29999999999995 402.45 20.8 21.9
1 440.34 339.99 16.8 14.76
1 492.07 328.05 15.84 18.0
1 271.58 363.76 10.6 18.6
1 351.56 349.33 17.4 12.5
1 153.91 392.3 17.64 15.6
1 480.26 416.12 24.36 17.04
