1 426.88 389.14500000000004 96.6 71.85
1 341.73 216.76999999999998 35.06 27.78
1 13.11 78.92 26.22 87.08
1 209.04999999999998 97.96000000000001 27.9 34.68
1 280.105 133.57999999999998 38.83 45.62
2 377.1 154.59 42.98 36.38
1 387.08 129.25 16.18 12.02
1 172.10999999999999 84.575 74.64 56.17
1 306.43 315.78999999999996 51.32 26.56
1 408.635 341.28000000000003 66.41 71.24
1 274.13 438.055 66.42 52.53
1 87.565 91.78999999999999 45.89 64.0
1 174.205 307.035 62.19 36.83
1 233.10500000000002 385.54499999999996 76.17 59.05
1 421.33000000000004 29.22 99.58 58.44
1 244.105 114.16499999999999 73.13 61.07
1 502.47999999999996 223.68 19.04 59.7
1 18.535 353.375 37.07 135.43
1 151.95 453.375 19.28 24.31
