1 407.495 66.075 26.63 23.13
1 145.165 441.81 31.15 29.32
1 123.96000000000001 315.245 67.8 52.09
1 74.08500000000001 239.455 65.97 51.31
1 29.06 162.885 58.12 51.57
1 126.05 13.705 41.62 27.41
1 162.835 57.78 39.79 47.12
1 228.54 16.06 32.46 32.12
1 209.16500000000002 113.275 37.17 37.17
1 200.545 180.78 22.27 18.18
1 303.94 194.58 40.3 37.42
1 358.025 171.01999999999998 39.99 32.72
1 342.955 210.71 15.91 22.42
1 411.71000000000004 150.31 43.1 52.74
1 275.835 55.165 46.05 41.45
1 307.13 90.815 41.36 40.31
1 443.5 38.825 40.14 41.45
