1 119.535 112.85 15.07 13.5
1 290.79999999999995 65.2 17.04 14.62
1 274.115 73.05499999999999 21.61 21.59
1 120.87 22.009999999999998 13.28 13.82
1 109.4 229.585 54.72 63.19
1 53.480000000000004 253.91 24.82 28.08
1 18.285 346.41 36.57 50.22
1 441.95 179.35 44.78 46.14
1 496.315 59.474999999999994 31.37 32.57
1 353.91499999999996 102.58500000000001 45.69 43.43
1 379.92999999999995 55.995 39.8 38.91
1 70.11 130.05 41.16 37.1
1 80.85 315.015 28.54 30.31
1 401.46500000000003 127.33 40.71 41.62
1 173.0 15.035 26.2 30.07
1 259.065 94.30000000000001 32.73 35.86
1 474.33 133.85 23.0 27.14
1 196.285 285.325 28.01 30.63
1 320.78499999999997 305.64000000000004 33.03 39.32
1 428.02 32.835 34.24 27.33
