1 419.55 311.84 100.08 54.92
1 277.71000000000004 304.51 44.38 100.88
1 76.92999999999999 286.73499999999996 129.2 54.29
1 92.515 23.99 145.71 47.98
1 136.87 178.485 30.76 29.41
1 132.55 245.20999999999998 28.54 23.52
1 234.01 237.65499999999997 95.78 83.91
1 398.495 385.985 92.15 48.21
1 443.045 231.89499999999998 98.25 61.03
1 86.18 234.805 14.52 19.91
1 17.17 236.39 24.88 21.26
1 17.67 178.71 20.36 12.66
1 78.265 209.01999999999998 142.53 50.66
1 96.3 110.1 122.52 49.16
1 245.26500000000001 160.525 105.99 59.33
1 271.535 77.255 93.27 70.77
1 287.66499999999996 20.935 94.93 41.87
1 177.28 464.705 91.54 93.37
1 208.39999999999998 349.97999999999996 89.1 132.42
1 277.255 495.765 36.51 32.47
1 300.33 217.655 32.62 53.83
