1 115.035 347.17999999999995 37.69 36.44
1 100.74000000000001 256.115 49.64 35.81
1 95.24 410.64 54.66 52.78
1 157.40499999999997 182.96 18.47 20.36
1 150.26 218.77499999999998 34.34 28.65
1 236.21 199.175 17.76 33.93
1 274.83 171.655 24.12 26.39
1 200.23000000000002 178.93 32.42 34.3
1 265.19 428.545 69.74 39.59
1 234.405 489.14 38.45 45.72
1 223.035 271.1 44.11 39.96
2 203.65 456.7 29.3 25.0
1 283.5 276.03999999999996 40.34 35.06
1 345.51 272.83 47.5 31.66
1 435.68 390.97499999999997 42.98 51.27
1 464.895 455.81 51.65 49.76
1 475.07500000000005 245.65 38.07 32.8
1 435.83 180.815 32.42 31.29
2 145.26999999999998 445.765 28.28 33.51
2 378.64 6.5 26.42 13.0
2 443.75 59.4 28.28 35.5
2 498.08000000000004 138.22 27.84 39.96
1 338.085 78.465 32.79 35.81
1 235.1 43.595 26.76 31.29
1 390.975 124.27 36.19 35.82
1 284.365 52.074999999999996 28.65 33.55
