1 67.32 77.87 89.2 87.24
1 143.57 295.97 52.16 58.62
1 121.03999999999999 338.31 50.54 57.54
1 91.73 386.08 54.88 69.48
1 61.875 449.05 71.17 80.34
1 183.77 240.87 57.54 53.74
1 238.59 250.1 61.88 41.8
1 294.505 260.955 60.79 39.63
1 361.545 271.815 78.71 38.55
1 442.88 445.25 138.24 52.12
1 454.16999999999996 361.62 115.66 48.86
1 471.59999999999997 252.785 80.8 40.33
1 229.91 168.405 76.0 72.19
1 284.46500000000003 178.695 51.57 67.91
1 339.015 189.54999999999998 74.91 70.08
1 462.24 181.405 56.46 58.13
2 182.48 60.525000000000006 93.06 101.65
1 396.84 186.95000000000002 55.64 80.42
1 432.735 290.74 38.01 17.28
