1 155.525 185.755 12.13 13.95
1 333.925 313.955 50.35 32.85
2 470.99499999999995 189.845 59.93 54.07
1 164.11999999999998 183.935 13.96 15.57
1 100.02 221.95 22.44 20.82
1 96.5 331.775 59.78 81.77
1 359.86 211.04500000000002 48.62 52.41
2 431.17 209.345 52.5 49.61
1 384.935 364.27000000000004 72.71 63.6
1 468.62 426.64 70.96 63.24
1 38.955 26.34 22.85 22.64
1 19.950000000000003 33.82 23.26 16.18
1 10.63 27.855 21.26 20.43
1 481.565 35.465 24.27 23.29
1 428.185 60.215 17.95 18.93
1 489.295 106.61999999999999 21.57 22.76
1 268.45500000000004 336.1 22.57 18.44
1 194.04999999999998 309.405 90.02 64.69
1 273.08 267.11 92.28 66.5
2 85.085 275.45 28.01 26.18
1 411.64500000000004 435.94 6.69 12.54
1 401.535 442.40999999999997 10.73 14.16
1 117.905 458.68 124.11 83.48
1 21.445 400.0 42.81 48.22
1 285.9 383.485 67.44 62.19
1 286.195 170.425 67.85 53.87
1 172.51000000000002 179.49 12.54 14.76
1 391.425 443.715 10.73 14.37
