2 44.06 162.51999999999998 43.48 37.78
1 131.505 434.19 28.07 27.46
1 185.515 434.79999999999995 15.25 18.92
1 165.98999999999998 447.62 22.58 22.58
1 306.03999999999996 414.65999999999997 18.3 20.14
1 406.73 483.315 10.98 20.75
1 435.72 459.52 37.22 36.62
1 339.90999999999997 212.975 28.68 35.39
1 458.905 438.46500000000003 39.67 43.33
1 313.06 353.03000000000003 73.84 104.36
1 354.555 380.49 88.49 89.7
1 331.06 238.91 28.08 29.9
1 403.07 398.19 28.08 28.68
1 462.87 329.535 97.64 140.35
1 286.51 138.52499999999998 10.98 14.65
1 305.73499999999996 153.475 18.91 14.03
1 339.90999999999997 137.915 39.66 41.49
1 366.455 89.095 24.41 25.63
1 373.77500000000003 132.425 21.97 23.19
1 439.685 178.19500000000002 36.61 24.41
1 435.71999999999997 148.89999999999998 23.8 32.96
1 11.59 449.145 21.36 31.73
1 36.305 460.735 21.97 23.19
1 80.245 14.95 36.61 29.9
1 74.755 34.175 36.61 25.63
1 128.15 36.615 25.02 31.73
1 107.705 69.26 28.07 31.12
1 14.645 80.86000000000001 15.25 20.14
1 22.275 109.23500000000001 30.51 35.39
1 488.81 96.72500000000001 45.76 51.87
1 486.67499999999995 55.225 13.43 14.03
1 468.97999999999996 38.14 45.16 44.54
1 384.76 3.66 13.42 7.32
1 425.03999999999996 15.865 40.28 30.51
1 294.445 7.93 15.87 10.98
1 284.07 23.8 17.08 14.64
1 108.01500000000001 115.64 38.45 33.56
1 182.465 129.065 32.35 38.45
1 271.865 46.375 21.97 31.73
1 210.84 109.235 18.3 24.41
1 211.755 148.9 14.03 17.08
1 237.08499999999998 121.435 21.97 26.85
1 235.865 149.205 26.85 15.25
1 254.475 400.63 15.25 17.7
1 151.645 385.37 24.41 33.56
1 431.445 265.15 42.11 32.34
1 211.755 438.15999999999997 12.81 14.64
1 256.0 313.975 35.4 36.01
1 258.745 346.93 17.69 26.24
1 209.315 391.17 43.33 37.84
1 121.745 367.065 41.49 49.43
1 21.36 315.8 31.12 27.46
1 53.394999999999996 280.105 26.85 20.75
1 82.38 206.26500000000001 32.34 26.85
1 100.08 173.005 53.1 39.67
1 312.755 208.705 13.43 36.61
1 293.225 273.08500000000004 21.97 36.01
1 263.93 278.27500000000003 12.2 21.97
1 207.17999999999998 204.74 30.52 34.78
1 242.88 178.80499999999998 22.58 17.09
1 289.87 198.94 29.9 37.84
