1 49.195 115.33500000000001 39.31 33.81
1 342.355 473.065 149.73 77.87
2 248.62 220.345 69.36 73.11
2 373.4 199.26500000000001 108.4 81.73
1 85.72 133.45 36.28 31.4
1 476.40000000000003 438.66 71.2 57.36
1 284.06 300.09 138.32 70.04
1 172.965 143.41 62.25 53.74
1 225.8 78.505 44.74 72.45
1 19.07 436.77000000000004 34.12 39.82
1 359.805 51.06 36.15 27.92
1 399.35999999999996 24.985 18.68 19.41
1 282.25 39.53 34.48 26.02
1 209.195 15.405 36.89 30.81
1 106.55000000000001 37.14 44.14 74.28
1 18.425 56.76 36.85 113.52
