1 63.67 479.84999999999997 71.66 44.3
1 278.64500000000004 274.875 41.47 66.59
1 460.845 227.32 30.11 43.74
1 151.625 39.465 46.59 78.93
1 307.915 56.965 47.95 100.93
2 329.505 333.84000000000003 57.81 51.2
1 248.71 460.34499999999997 34.56 63.77
1 144.63 496.20500000000004 46.9 31.59
1 140.265 472.07500000000005 46.25 20.07
1 135.69 450.41499999999996 44.72 24.65
1 133.505 429.035 46.91 19.85
1 129.25 408.53000000000003 45.82 23.34
1 125.215 386.82500000000005 47.33 20.95
1 121.94 364.84 49.3 25.92
1 83.505 500.10499999999996 49.63 23.79
1 69.27 422.52 58.74 74.76
1 104.27 237.26 35.6 53.4
1 79.48 179.535 37.7 51.83
1 267.025 214.58 42.09 62.24
1 495.78499999999997 384.685 32.43 53.91
1 505.02000000000004 301.565 13.96 30.15
1 452.40500000000003 277.16 24.73 28.72
1 484.55999999999995 453.90999999999997 23.56 34.56
1 438.875 172.32 50.21 55.68
1 424.39500000000004 105.14500000000001 42.07 31.71
1 32.975 73.07000000000001 13.63 17.28
1 55.495000000000005 121.725 36.37 51.57
1 239.755 400.345 38.01 58.75
1 228.29 339.555 38.96 64.71
1 177.03 142.465 39.26 63.77
1 186.035 203.065 41.15 59.37
1 194.365 261.805 41.47 63.77
1 253.26500000000001 155.315 43.67 60.63
