1 482.02000000000004 424.62 59.96 57.0
2 394.68500000000006 214.505 96.93 88.33
1 289.55 12.475 71.14 24.95
1 14.855 68.25 29.71 49.94
1 77.94 129.43 80.94 72.2
1 20.665 160.915 41.33 51.57
1 10.62 238.54 21.24 37.46
1 61.14 305.58 77.62 69.48
1 108.69500000000001 234.36 48.31 48.86
1 165.96499999999997 196.635 74.91 70.03
1 153.94 273.825 48.36 48.31
2 119.28 383.365 61.88 37.45
1 44.005 475.83000000000004 88.01 72.34
1 261.77 469.405 68.94 60.79
1 304.33000000000004 493.745 58.08 36.51
1 330.38500000000005 436.4 51.57 46.68
2 278.0 408.45 45.6 38.54
1 413.98 496.72999999999996 50.48 30.54
