1 493.96999999999997 496.59000000000003 25.88 30.82
1 498.695 394.83 22.89 22.9
1 442.335 291.07 20.15 29.36
1 487.6 321.255 27.62 22.89
1 436.185 239.535 28.87 18.67
1 354.075 310.08 19.91 23.88
1 172.54999999999998 396.885 22.9 15.75
1 92.09 221.325 30.38 19.87
1 340.15 378.085 27.5 26.87
1 251.57999999999998 300.515 24.88 24.47
1 186.36499999999998 325.67 23.33 23.34
1 184.415 365.815 30.07 17.97
1 173.395 412.19 16.57 16.68
1 171.3 425.16 15.0 13.44
1 166.68 445.26000000000005 19.92 19.32
1 165.95999999999998 477.36 16.84 27.36
1 61.245 502.39 24.49 19.22
1 266.4 471.84999999999997 26.0 24.9
1 280.755 385.995 25.41 22.15
1 227.015 207.435 9.07 10.51
1 226.26000000000002 230.92000000000002 11.3 18.3
1 207.01 269.78499999999997 42.94 47.69
1 129.135 398.185 27.17 31.11
1 17.135 416.12 34.27 29.66
1 53.695 264.65 36.11 20.18
1 70.155 250.64499999999998 13.65 17.97
2 475.395 354.45000000000005 37.67 30.96
2 304.69 345.03499999999997 32.24 27.77
2 254.97 329.805 29.56 27.17
2 97.255 358.53000000000003 17.61 20.6
1 498.79499999999996 182.365 17.41 18.25
1 471.94 206.31 21.78 51.22
1 466.54999999999995 240.32 18.04 17.62
1 275.36 432.0 20.74 34.74
1 328.625 482.545 21.17 29.11
1 386.71999999999997 478.81 15.42 24.14
1 51.195 340.85999999999996 25.53 25.3
1 195.335 403.16999999999996 20.61 21.66
1 434.695 227.755 21.51 10.75
1 441.71 381.77 16.92 24.14
1 431.63 443.85 23.14 29.36
1 497.795 447.785 25.13 26.13
