1 127.17999999999999 97.46499999999999 18.32 17.01
1 397.795 233.71 23.21 23.76
1 162.26 72.75 21.38 17.82
1 55.05 271.73 23.16 21.38
1 82.36999999999999 171.94 21.98 17.82
1 300.65500000000003 21.67 27.33 23.76
1 75.89999999999999 50.06 21.38 20.78
1 9.26 51.07000000000001 18.52 29.1
1 198.195 318.65000000000003 21.97 20.2
1 182.75500000000002 33.53 18.41 17.86
1 156.32 122.645 17.82 16.63
1 340.47499999999997 251.235 19.05 14.85
1 181.85999999999999 364.98 26.14 17.82
1 231.755 259.555 15.45 12.47
1 206.81 169.865 23.76 20.79
1 240.96 141.95000000000002 25.54 25.54
1 289.96000000000004 319.845 21.96 16.71
1 266.57000000000005 389.31 14.32 18.62
1 264.98 444.445 19.92 13.01
1 108.92999999999999 371.525 17.66 13.13
1 198.49 96.50999999999999 15.44 17.82
1 128.7 218.865 18.42 19.01
1 89.795 244.11 16.63 19.6
1 393.315 40.379999999999995 15.45 13.66
1 480.84999999999997 387.275 25.9 18.25
1 462.44 378.51000000000005 16.02 21.7
