1 392.825 391.065 12.61 16.93
1 373.99 384.585 14.34 18.49
1 332.42999999999995 373.18 50.8 27.48
2 14.7 140.42000000000002 29.4 49.56
1 9.01 426.515 18.02 81.01
1 283.31 112.375 90.38 47.69
1 297.09000000000003 201.68 82.58 56.76
1 122.51 109.38499999999999 81.18 89.57
1 243.805 223.02 57.69 37.62
1 200.65 28.520000000000003 67.08 54.7
1 140.02 268.45 45.92 117.64
1 194.235 352.05 61.67 39.38
1 229.53 427.095 49.04 137.45
1 62.724999999999994 187.105 54.23 57.21
1 51.95 279.98 49.04 130.02
1 140.39000000000001 488.66 7.68 15.24
1 149.32999999999998 490.82 8.76 16.68
1 159.04999999999998 493.52000000000004 8.52 15.6
1 158.44 450.41999999999996 14.86 13.3
1 149.025 471.76 8.81 17.62
1 375.105 33.535 122.43 55.73
1 408.21 395.985 10.54 13.65
1 474.28499999999997 30.925 75.43 47.53
1 444.01 330.895 22.6 14.93
1 447.53999999999996 421.06 8.92 16.18
1 428.565 423.545 18.67 11.61
1 499.065 468.28999999999996 25.87 87.42
1 380.075 489.96500000000003 198.51 44.07
1 348.255 435.65999999999997 101.81 58.06
1 191.67 206.54 22.94 17.56
1 258.3 278.74 42.32 73.1
1 337.31 292.715 54.14 96.03
1 378.87 188.62 32.64 46.22
1 394.84499999999997 305.37 63.93 30.16
