1 253.48999999999998 186.36 16.02 28.16
1 249.19 261.595 44.84 76.51
1 159.81 451.875 29.72 41.65
1 8.385 456.85 16.77 25.2
1 13.190000000000001 392.305 11.4 8.49
1 294.73 482.35499999999996 79.66 59.29
1 3.53 360.765 7.06 11.01
1 8.555 383.11499999999995 11.61 8.31
1 61.375 267.3 15.21 24.88
1 15.184999999999999 496.85499999999996 27.95 23.65
2 314.64500000000004 363.615 41.47 46.37
1 6.02 372.95 11.92 12.28
1 290.005 421.54499999999996 53.83 66.05
1 235.03500000000003 492.55 56.09 38.9
1 190.17 257.46500000000003 65.14 80.77
1 44.205 276.54 9.91 16.2
1 78.53999999999999 11.2 33.84 22.4
1 106.15 92.565 27.62 26.87
1 178.44 141.575 21.4 34.87
1 170.635 111.82000000000001 13.45 7.68
1 166.495 94.24000000000001 15.73 10.68
1 163.73499999999999 79.96000000000001 16.21 18.36
1 160.91500000000002 57.64 17.53 15.48
1 137.755 26.68 29.53 22.2
1 87.36 64.53999999999999 28.56 15.84
1 131.04500000000002 47.985 9.69 9.35
1 161.63 133.29500000000002 13.48 8.73
1 28.035 23.205 34.53 21.41
1 26.075 46.18 22.31 15.9
1 7.27 73.45 14.54 13.5
1 57.540000000000006 120.13499999999999 19.1 14.73
1 79.315 104.17 14.53 14.72
1 214.92 381.525 47.88 42.29
1 438.13 413.58500000000004 15.76 18.95
1 431.435 294.495 46.61 101.07
1 97.66499999999999 31.49 13.91 15.76
1 373.96 62.095 47.38 99.37
1 218.175 95.41 54.55 109.9
