1 307.755 493.845 11.79 8.09
1 430.355 465.16999999999996 16.01 27.8
1 405.485 504.27000000000004 17.19 15.46
1 300.695 341.405 12.47 12.13
1 344.16999999999996 337.275 12.8 27.81
1 385.87 372.58 17.02 11.8
1 340.12 398.36 20.22 24.94
1 356.13 361.035 18.2 14.99
1 210.865 456.525 13.81 10.27
1 297.57500000000005 469.38 22.07 19.04
1 386.21 461.715 12.64 16.51
1 457.48499999999996 443.59999999999997 23.43 23.42
1 343.15500000000003 465.685 13.57 12.89
1 371.06 495.47 13.92 15.34
1 297.055 491.235 10.61 9.61
1 290.585 409.65 13.81 15.5
1 425.89 384.88 13.14 15.16
1 412.155 364.575 15.67 22.41
1 317.885 296.245 12.13 12.13
1 439.8 504.37 15.34 15.26
1 280.43499999999995 384.23 10.81 13.2
