2 172.74 294.635 67.84 73.79
1 73.46000000000001 146.47500000000002 61.34 81.43
1 43.065 106.85 55.91 41.26
1 26.01 58.805 52.02 70.03
1 190.17000000000002 15.425 130.82 30.85
1 413.005 197.77 53.19 57.0
1 389.11999999999995 160.32 46.68 49.4
1 370.395 127.205 45.05 47.23
1 346.78 87.035 47.76 50.49
1 324.79499999999996 49.85 41.79 55.36
1 320.72 11.625 34.74 23.25
1 288.7 138.60500000000002 42.34 39.63
1 265.63 159.775 41.8 36.37
1 242.83 182.845 45.06 37.99
1 266.985 255.315 40.17 40.71
1 306.07 260.195 39.08 39.63
1 345.695 266.985 36.91 36.91
1 382.60499999999996 271.595 40.17 39.63
1 421.96500000000003 276.755 40.71 43.43
1 459.15 271.87 38.0 39.08
