1 258.745 454.635 36.01 35.39
1 423.205 364.925 18.31 19.53
1 507.27000000000004 68.955 9.46 14.65
1 10.8 47.15 21.6 35.5
2 168.805 302.37 74.91 68.44
1 130.865 184.21 101.13 118.58
1 51.745 73.655 101.91 120.83
1 83.785 251.85 57.37 59.8
1 309.275 11.719999999999999 45.77 22.58
1 485.635 12.940000000000001 45.77 23.8
1 210.84 26.24 108.62 52.48
1 206.875 126.015 45.77 54.31
1 233.725 100.38499999999999 31.13 37.23
1 316.71999999999997 425.65 20.14 25.02
1 331.365 418.33 23.79 26.24
1 45.765 381.1 43.33 43.32
1 32.495 450.05499999999995 64.99 90.93
1 427.355 102.63999999999999 25.63 22.58
1 350.585 508.95 15.87 6.1
1 292.92 498.575 29.9 26.85
1 306.345 233.11499999999998 28.69 32.95
1 48.055 275.525 96.11 101.91
