1 69.86 69.815 16.28 15.43
1 121.42500000000001 84.275 25.05 16.59
1 149.325 309.98999999999995 8.51 14.56
1 59.575 189.425 11.93 17.79
1 173.835 299.315 23.07 26.21
1 334.22499999999997 398.92 20.65 26.94
1 224.79000000000002 390.78999999999996 22.1 27.18
1 341.01 493.43 30.84 30.08
1 368.445 420.395 28.87 28.63
1 70.36500000000001 2.84 17.03 5.68
1 415.15500000000003 482.75 30.57 25.72
1 354.41 351.71999999999997 16.7 13.8
1 391.97499999999997 390.53999999999996 19.65 17.52
1 24.21 112.735 25.94 22.69
1 35.425 192.29 10.75 17.88
