2 49.26 421.15 55.08 45.5
1 230.23499999999999 28.96 36.95 25.66
1 224.58499999999998 289.09499999999997 37.97 41.15
1 465.03 146.42 93.94 127.36
1 393.425 205.95499999999998 53.37 59.63
1 344.16 259.845 61.58 62.71
1 187.125 485.185 36.95 36.95
1 257.945 263.435 39.01 39.11
2 82.69 434.08500000000004 51.32 46.33
2 270.36 118.46 73.56 58.16
2 285.335 159.945 60.73 45.33
1 494.28 331.18 35.44 57.58
1 281.04 455.995 122.14 112.01
1 481.96500000000003 223.405 60.07 61.69
1 243.57500000000002 66.885 32.85 40.13
1 108.195 152.84 203.23 222.72
1 165.055 360.425 44.13 40.13
