1 133.785 501.65999999999997 15.73 20.68
1 170.07500000000002 478.89000000000004 11.11 14.46
1 171.82999999999998 459.3 17.14 20.22
1 483.085 311.405 14.37 17.39
1 506.29499999999996 228.7 11.41 18.2
1 7.98 479.275 14.56 9.91
1 67.68 283.785 19.18 10.71
1 5.655 378.58 10.71 22.04
1 5.0 406.27500000000003 10.0 15.57
1 169.16 400.96000000000004 14.34 20.08
1 134.0 446.0 9.6 11.4
1 504.35499999999996 268.085 15.29 23.87
1 130.61 255.54 7.6 14.0
1 37.965 306.08 16.07 12.1
1 59.385 307.97499999999997 20.91 12.79
1 42.01 272.24 21.2 7.2
1 39.11 264.59 20.0 16.9
1 171.6 507.02 11.3 5.8
1 499.455 295.48499999999996 17.17 18.41
1 461.245 241.645 15.59 19.81
1 357.425 274.29999999999995 20.63 17.18
1 498.55 247.305 12.96 15.37
1 462.065 353.46 13.15 14.56
1 474.59999999999997 334.86 22.04 15.78
1 505.79499999999996 322.18 12.41 19.62
1 506.505 387.685 10.99 12.75
1 397.865 265.405 20.63 13.55
1 467.54499999999996 450.505 11.79 16.85
1 42.76 484.52000000000004 10.52 6.7
1 40.43 493.215 5.86 6.29
1 76.835 491.42 11.53 6.24
1 168.7 422.86 6.9 9.7
1 5.81 441.36 11.62 16.58
1 493.195 112.84 14.79 16.58
1 475.21 139.43 11.12 8.7
1 447.70000000000005 213.945 24.08 20.63
1 380.365 213.64 22.07 33.76
1 5.25 420.13000000000005 9.9 12.94
1 497.97499999999997 340.975 15.77 13.57
1 205.425 380.3 7.31 20.4
1 486.45 374.235 16.18 15.39
1 493.325 480.085 16.17 13.65
1 391.29 496.09000000000003 43.46 31.82
1 144.935 481.20500000000004 11.67 21.07
1 220.695 472.5 7.03 17.98
1 176.185 291.48999999999995 15.31 15.56
1 443.05 309.18 11.14 12.14
1 404.03499999999997 307.865 11.93 9.91
1 183.71 360.645 9.98 9.25
