1 229.445 76.98 137.59 120.76
1 290.71500000000003 143.02 21.49 21.5
1 314.725 167.38 57.33 59.48
1 344.105 189.24 43.71 48.74
1 230.7 185.48 33.32 42.64
1 271.005 210.02499999999998 74.53 53.03
4 140.935 153.41 18.63 17.92
1 16.72 124.99 33.44 38.34
1 439.775 19.54 35.69 39.08
1 470.09 49.61 47.3 48.58
1 474.175 17.580000000000002 24.51 24.94
1 450.525 117.33000000000001 18.49 20.64
1 424.94 122.49 32.68 18.06
1 395.27 124.42500000000001 33.54 18.49
1 33.265 159.68 37.63 39.06
1 366.46000000000004 125.285 24.94 14.19
1 387.96 273.415 55.9 48.15
1 50.79 248.79 69.02 71.24
1 32.83 284.11 65.66 69.74
1 20.080000000000002 342.09 39.96 32.42
1 36.485 360.935 48.63 45.99
1 92.445 380.355 55.07 63.71
1 169.365 422.95000000000005 85.95 62.2
1 264.735 481.19 69.37 57.3
1 371.98 498.28999999999996 67.48 27.42
1 319.21000000000004 394.67499999999995 66.72 58.43
1 225.29 399.89 29.56 20.76
