1 83.585 386.71500000000003 105.85 83.23
1 188.36 328.82 90.1 73.88
1 233.035 240.42000000000002 55.79 44.1
2 145.785 488.485 61.07 47.03
2 329.85 327.965 45.86 49.63
1 374.77000000000004 243.625 39.96 31.67
1 11.84 51.22 23.68 30.06
1 82.685 467.69 37.09 34.38
1 19.4 259.365 37.9 45.67
1 175.805 51.53 63.63 58.72
1 297.95 16.18 54.48 32.36
1 348.215 40.475 41.39 38.75
1 458.83500000000004 121.485 41.47 40.71
1 481.265 165.21499999999997 43.35 42.97
1 431.32 179.165 54.28 45.99
1 272.995 221.57 26.39 24.5
1 359.315 279.25 77.65 39.58
1 451.29499999999996 235.9 80.67 51.64
1 44.685 495.72499999999997 39.81 32.55
