1 430.3 213.75 11.0 10.5
1 330.25 483.9 15.5 20.0
1 135.19 386.72 23.64 16.58
1 263.095 461.245 30.27 30.69
1 227.32000000000002 471.925 22.6 18.45
1 137.66 418.4 17.64 14.4
1 212.34 352.2 21.24 17.76
1 200.45999999999998 334.02 11.4 11.64
1 283.75 402.45000000000005 17.1 19.7
1 314.3 339.95 17.4 17.5
1 365.16 313.0 18.1 22.5
1 342.8 496.6 14.2 15.0
1 360.26 428.465 15.8 14.29
1 435.61 434.015 14.7 20.01
1 446.76 416.21500000000003 16.0 13.61
1 415.41 386.57 18.7 20.3
1 394.21 370.17 13.3 14.7
1 399.76 337.82 11.4 13.6
1 487.09999999999997 260.25 21.4 29.3
1 493.34999999999997 279.6 16.3 18.6
