1 455.95 46.85 22.92 17.16
1 155.37 211.71499999999997 41.28 61.91
1 120.03 248.865 87.2 40.25
1 188.39 263.57 58.82 41.8
1 344.875 388.75 16.17 17.0
1 488.865 184.355 46.27 32.25
2 443.635 430.445 31.61 32.85
1 492.95 97.92500000000001 38.1 33.11
1 484.385 262.715 55.23 42.11
1 491.09999999999997 347.535 41.8 37.23
1 487.435 433.28 49.13 43.94
1 470.39500000000004 14.53 83.21 29.06
1 24.47 45.775000000000006 45.82 34.67
1 11.835 470.505 23.67 82.99
2 447.85 113.58000000000001 38.34 43.36
1 131.65 273.185 25.68 16.13
1 419.52000000000004 95.83 15.96 15.48
1 372.18 482.56 15.5 10.8
1 303.4 439.555 17.0 10.79
1 163.625 169.405 152.73 57.79
