1 484.47 373.83 47.5 42.6
1 399.87 70.26 26.7 23.9
1 318.03499999999997 114.1 50.89 141.04
1 132.085 137.65 27.27 19.64
2 118.825 295.56 97.19 81.3
1 307.545 29.244999999999997 22.51 22.51
1 477.835 139.195 36.39 32.99
1 474.43 194.17000000000002 29.58 28.8
1 394.985 113.50999999999999 19.37 21.2
1 491.71000000000004 87.465 40.58 30.37
1 477.31 49.769999999999996 20.16 17.8
1 496.03000000000003 25.16 31.94 24.6
2 444.635 34.785 49.63 27.03
1 421.22499999999997 51.265 14.39 13.63
2 481.13 292.915 61.74 42.99
1 357.93499999999995 201.885 82.31 41.49
