1 201.46 486.805 32.5 36.87
1 195.24 26.229999999999997 21.98 20.16
1 333.53000000000003 8.92 17.24 17.84
1 329.08 42.54 14.62 16.58
2 224.04999999999998 166.245 37.7 35.81
1 405.43 484.94 44.92 43.66
1 387.875 396.575 39.05 45.37
1 426.595 429.72 29.23 31.0
1 454.955 397.22999999999996 32.29 30.54
1 436.75 261.1 34.56 33.64
2 447.12 139.715 37.7 38.97
2 260.215 465.445 58.05 64.11
1 95.98 496.86 37.96 30.28
1 156.625 470.365 22.25 21.83
1 50.405 51.894999999999996 23.81 21.63
1 73.68 11.995 28.16 23.99
1 141.94 105.16 32.36 28.18
1 215.53 72.66 19.64 24.0
