1 389.87 128.88 30.88 22.9
1 200.45999999999998 60.614999999999995 32.52 58.23
1 66.23 140.49 41.2 38.82
1 343.2 372.79 16.8 15.22
1 198.38 201.005 36.98 33.11
1 179.71 21.485 10.48 11.67
1 149.85 24.915 11.68 13.17
1 327.09999999999997 113.07 15.92 11.22
1 327.65999999999997 213.98000000000002 21.42 27.86
1 313.24 143.435 25.38 25.63
1 372.325 79.985 25.15 24.63
1 380.40999999999997 37.685 26.4 25.63
1 493.945 59.11 32.35 19.66
1 294.875 115.18 17.67 14.46
1 309.225 94.52000000000001 24.19 19.18
1 82.505 78.385 18.81 14.93
1 180.435 113.47 31.93 30.76
1 114.75 155.125 25.98 19.71
1 21.884999999999998 175.13000000000002 19.41 22.1
