1 215.68 213.91 47.5 42.52
1 465.97499999999997 414.31 92.05 57.0
1 415.585 315.51500000000004 39.13 40.71
1 454.91999999999996 236.805 99.44 124.31
1 484.38 138.6 55.24 71.0
1 256.615 128.19 64.23 52.92
1 160.45499999999998 360.565 56.51 63.51
1 84.1 147.64000000000001 76.0 97.76
1 166.82500000000002 14.225 41.17 28.45
1 153.93 175.01 48.86 42.52
1 428.96999999999997 122.535 49.76 56.09
1 367.445 34.805 64.23 69.61
1 338.135 79.38499999999999 39.81 39.81
1 503.71500000000003 142.37 16.57 24.5
1 151.67000000000002 66.445 66.04 51.57
1 205.045 96.3 63.33 52.48
1 321.08 107.155 36.64 31.67
1 345.86 315.51000000000005 64.6 72.2
1 378.67 373.055 77.14 92.83
