1 478.36 491.53 67.28 40.94
1 282.225 237.64999999999998 55.29 52.46
1 291.005 271.58 36.47 32.36
1 331.10499999999996 213.93 77.91 77.28
1 390.435 179.22 32.39 36.76
1 355.89 166.655 55.6 56.23
1 498.255 413.46 27.49 50.26
1 488.57 334.67 46.86 61.26
1 450.35 378.12 61.0 56.02
1 394.985 400.24 60.21 61.52
1 444.85 473.40999999999997 58.38 61.26
1 403.765 97.67 21.99 16.96
1 420.885 84.635 21.05 18.53
1 338.49 495.22 58.12 33.56
1 139.165 333.825 66.91 38.35
1 201.685 321.275 63.77 37.69
1 255.24 418.64500000000004 60.94 59.09
1 192.885 448.595 65.97 38.33
1 141.995 413.78999999999996 40.53 66.28
1 346.65500000000003 363.31 59.37 60.0
1 414.98 306.67 61.88 63.14
1 477.18 250.75 63.14 62.52
1 486.65999999999997 128.06 50.68 66.0
1 465.69 45.79 23.04 18.06
1 453.24 17.369999999999997 23.32 19.4
1 302.98 134.39 21.76 23.06
1 290.935 145.905 21.23 21.49
1 337.60999999999996 94.065 21.68 24.07
1 249.04999999999998 178.37 19.14 17.3
1 237.795 188.70999999999998 18.09 18.08
1 211.47 221.815 17.8 16.49
3 384.72999999999996 44.015 39.9 35.81
