1 217.165 332.06 27.27 29.82
1 288.7 505.14500000000004 89.84 13.71
1 163.5 424.785 36.16 38.95
1 110.065 247.81 20.73 21.86
1 46.36 14.775 47.12 29.55
1 20.915 70.995 30.91 33.97
1 11.585 141.29500000000002 23.17 33.59
1 17.705000000000002 223.875 26.01 31.29
1 243.27499999999998 319.04 17.27 18.36
1 225.185 304.59499999999997 17.81 19.27
1 325.91 448.01500000000004 73.86 55.95
1 268.91 425.71 52.78 42.76
1 366.96 143.16 33.64 82.48
1 353.935 229.615 75.65 71.73
1 377.19 305.57 49.64 27.96
2 418.38 392.055 43.42 40.71
