1 368.89000000000004 45.815 14.96 53.99
1 23.875 61.625 21.43 17.99
1 181.185 195.785 16.17 16.59
1 188.77 138.46 27.3 22.84
1 505.45500000000004 369.01500000000004 13.09 15.09
1 87.97 67.385 40.84 37.21
1 66.03 23.92 22.04 23.44
1 67.75 117.635 27.9 25.27
1 124.265 34.225 23.65 22.25
1 342.3 128.92 31.74 27.3
1 340.885 179.36499999999998 41.85 31.95
1 421.14500000000004 394.58000000000004 40.45 40.46
1 434.32 227.995 54.8 61.67
1 500.51 288.255 22.98 39.43
1 448.575 300.58500000000004 43.27 24.47
1 368.205 303.01 21.23 23.66
1 336.46 232.33999999999997 33.36 62.28
1 258.205 200.295 87.95 90.39
1 144.57 129.725 38.22 61.67
1 273.77500000000003 109.0 41.45 14.96
1 359.71 86.35499999999999 27.3 17.39
1 425.525 120.63000000000001 38.01 18.4
1 423.81 162.885 33.36 67.33
1 501.88 172.32 20.24 129.28
1 504.065 41.9 15.87 83.8
1 342.09999999999997 38.084999999999994 36.68 75.71
1 238.425 37.97 113.59 75.94
