1 165.45 494.59000000000003 42.28 34.82
1 100.035 270.06 39.81 66.68
1 68.16499999999999 227.79500000000002 32.61 28.67
1 117.13 85.28999999999999 49.84 42.64
1 135.58 136.89000000000001 114.7 77.04
1 72.715 161.23499999999999 31.17 44.83
1 200.95499999999998 102.42 73.45 59.12
1 175.485 222.77499999999998 116.15 71.21
1 323.065 353.55 68.77 41.48
1 481.83000000000004 291.92999999999995 60.34 47.8
1 459.625 216.49 67.01 53.42
1 434.905 33.565 58.05 64.53
1 45.64 27.72 91.28 55.44
1 184.29000000000002 17.32 32.98 29.38
1 181.26999999999998 53.760000000000005 92.84 66.28
1 479.365 400.665 65.27 62.75
1 405.52 426.48 68.8 89.94
1 295.68 423.97499999999997 130.82 87.79
1 247.685 495.845 24.01 32.31
1 74.65 353.6 53.04 65.58
