1 109.02 288.535 50.48 59.71
3 277.78999999999996 129.865 137.88 105.85
1 135.07999999999998 344.72 53.74 65.68
1 183.66 306.445 49.94 58.63
1 208.36 363.17499999999995 52.66 65.69
1 257.215 328.705 47.23 64.05
1 395.09 438.35499999999996 70.02 40.17
1 32.5 177.905 65.0 42.35
1 461.175 129.91500000000002 101.65 98.25
1 149.45999999999998 212.54000000000002 66.22 42.34
1 109.345 79.705 60.25 90.11
1 469.425 452.2 85.15 46.14
2 279.29999999999995 433.535 86.32 66.75
1 319.64 260.305 70.02 44.51
1 378.805 277.40999999999997 59.17 41.8
1 435.805 293.42 60.25 39.08
1 90.835 195.17 60.79 38.0
1 23.595 60.68 47.19 90.16
